-118.445
-120.734
-113.896
-117.838
36.3376
36.3288
35.177
36.0986
84.3193
84.61
82.4251
47.1775
43.9396
45.8473
44.9473
44.7205
79.7733
79.552
81.5116
78.0086
81.5362
-2.80586
-2.58024
-1.46339
0.97941
68.7221
64.6173
62.7282
69.5169
-0.161098
1.3215
1.11583
-3.39616
-0.586577
2.05316
45.8071
46.3912
44.2453
84.3278
84.1592
82.8308
84.2568
83.248
13.566
12.892
14.3461
12.4056
37.3304
37.7558
37.9334
36.6611
74.2948
74.3236
75.5919
10.8607
8.04016
10.8078
5.43783
7.80749
7.24766
5.17976
14.2645
75.7122
76.6053
77.9169
77.3788
78.8958
79.596
79.608
80.0431
42.5131
42.4243
42.2095
-5.57482
-4.02308
-5.8493
74.3356
71.6072
75.9263
72.8746
-81.2607
-84.3069
-73.7962
-72.4287
-73.8908
-129.874
60.8025
58.5982
54.8721
55.2741
54.2924
51.8618
54.3617
47.8604
49.6888
31.6826
31.2769
32.125
44.6899
47.8945
50.2366
43.4818
-99.6713
-93.8796
-97.6925
-102.915
80.0631
80.2241
79.2782
79.1985
15.5155
18.0182
20.338
12.0916
-80.5132
-72.1088
-77.4128
-79.0966
77.6297
78.3947
78.8299
-127.192
-129.45
-126.036
6.51977
5.79879
8.17611
9.6042
11.821
10.0403
13.7153
25.439
27.4229
26.6273
81.5276
82.9311
85.173
41.7792
54.8294
52.6107
51.4306
36.5516
36.9136
37.4021
6.83973
3.27466
4.40496
4.2764
7.8787
6.75331
9.37984
79.6082
77.1968
75.0806
89.2085
89.5491
89.0322
-99.5492
-100.262
-99.6352
22.2214
20.2888
22.4502
11.8302
11.1761
10.9888
8.0485
10.751
10.3573
8.80855
57.6083
62.6316
57.5753
36.7432
37.1297
81.9013
81.1464
93.6584
93.4826
92.4308
92.1982
64.605
68.4155
-6.6483
-7.60884
-9.14685
42.9451
44.0617
44.1105
45.1885
10.4668
9.28527
11.0156
5.93933
80.3747
80.7324
93.893
94.8629
93.7085
96.1391
98.2346
76.1163
77.9569
77.5226
76.1477
1.31404
0.38748
-0.326531
47.1897
-103.481
-103.838
-104.709
62.4905
80.296
81.012
80.7717
81.3087
80.0743
27.1044
24.4183
26.7835
22.3293
43.5563
44.0638
43.5666
44.926
44.877
73.398
75.7088
96.1913
94.9914
95.0157
95.9853
12.5578
14.232
54.6779
58.5164
61.3967
60.6826
59.2117
87.6771
91.2286
85.8848
89.6878
-64.3027
-59.1339
-62.6518
-61.7252
-59.3997
83.2759
81.0781
85.9992
-21.1641
-19.9051
-20.3408
-54.235
-57.4639
-55.1026
73.0729
74.9528
73.5073
-113.222
-129.283
101.007
-108.418
-95.3435
74.5003
72.0933
72.438
73.4299
-83.1168
-79.5489
-82.4433
42.3055
42.5514
42.2588
42.6643
45.591
43.8685
42.8283
45.2239
78.5938
-86.7811
-89.0236
-90.4539
-84.5751
51.8639
51.5658
49.2547
53.1397
25.8459
25.4325
26.2298
25.6984
-72.2462
-69.0295
-72.4683
-66.1931
-70.2278
84.3508
86.9175
89.0663
86.0084
81.2018
22.2614
21.7319
23.2523
24.558
80.1344
81.1801
-128.342
9.41947
8.35025
6.47687
6.95445
77.2348
76.7488
77.1139
77.1283
-109.62
-107.547
-110.474
-107.821
78.1446
77.5407
78.9798
77.4337
106.051
-129.954
100.423
106.538
42.9505
46.1571
43.8455
41.0507
87.5251
85.7186
40.3017
40.5696
40.4076
40.1023
39.7258
-8.95251
-7.00476
-6.42393
-8.70834
-7.57488
-9.31891
-7.65075
-8.38246
37.8505
37.0827
37.8708
-22.4881
-20.2572
-20.2019
88.8515
-129.494
90.2089
85.8156
81.2686
83.5317
38.1803
38.3059
38.6661
37.6433
59.4145
63.9247
64.395
57.6711
82.1549
83.0338
82.9355
-98.425
-104.701
-109.017
-100.005
-114.543
-111.992
-115.653
81.6072
82.7808
83.2209
81.7501
81.6675
82.3461
81.0712
19.6119
22.4414
23.3893
15.1804
68.2842
68.8775
68.6071
84.1153
20.2358
21.1951
21.4537
20.4974
7.30433
12.5034
13.7271
16.9755
40.6323
48.7889
41.052
53.4465
50.1112
78.8406
78.8683
79.2598
79.0314
77.5633
79.556
80.5233
71.2945
72.9292
80.4383
79.6708
80.5768
80.793
16.5632
16.9274
17.9562
15.952
16.0562
23.0408
21.2365
23.7714
20.1932
89.0917
89.4748
89.9105
77.0971
77.8332
76.0655
13.1202
13.8053
14.7175
11.9263
20.2939
19.2652
17.6813
39.7604
43.384
46.848
45.1911
49.1127
-54.3036
-57.091
-56.0076
-6.85575
-1.71868
-2.46277
97.0092
100.375
86.6804
105.607
90.2059
64.7009
59.3506
70.5274
2.2328
3.53011
4.946
5.94808
5.06867
4.69982
7.99037
8.49416
32.0183
30.6711
32.578
31.4481
42.3331
42.8879
37.2286
36.2772
37.0202
35.268
33.7782
35.1696
34.0517
92.3641
93.2874
91.9674
95.0416
14.1605
12.6485
13.3595
16.1977
99.6367
101.438
98.6938
97.2676
73.0116
70.6718
69.5392
26.3504
25.1937
26.0599
26.289
24.9997
19.4836
19.3261
78.7992
79.4067
80.64
81.8682
1.48103
1.97
3.50652
-0.699265
-1.77751
-0.503252
16.8977
20.1257
78.1469
77.6306
78.3526
76.705
-129.068
-129.273
107.319
76.5016
78.2932
81.0735
78.9732
-71.1764
-70.2859
-70.2908
-71.0754
51.082
53.2955
55.4182
54.1679
52.0971
5.97345
6.89796
12.6761
2.86638
12.2603
85.4384
85.5979
85.8112
85.9693
86.3598
86.305
86.7702
86.2968
77.4817
-82.9896
-89.3511
-85.3415
-84.0777
89.4577
89.4291
88.9462
82.5898
87.4057
74.1839
75.7265
-37.899
-35.7563
-34.5103
-37.774
75.9842
-35.6796
-35.2574
-36.0417
80.3771
76.7856
80.213
79.5282
80.9751
1.86083
2.83072
2.30326
2.96187
0.412927
-104.691
-104.47
-108.157
-106.894
-112.51
-43.6185
-52.3937
-46.3159
82.6378
80.9784
71.8259
-101.25
70.7276
82.0901
-123.361
-123.265
-122.599
-122.397
-65.9464
-109.445
-47.6905
-51.6821
80.0011
80.2232
79.3518
80.8541
81.3087
81.4438
80.3659
82.5405
76.3914
79.4213
78.1981
18.261
17.3494
18.8075
16.9918
-2.78169
-0.370683
1.19231
-43.3686
-46.1755
-45.3648
52.9717
50.0792
49.1785
51.1097
73.6352
70.6428
68.3325
65.6134
-4.7805
-8.07848
-2.30628
-8.55682
-5.25394
-2.46548
27.568
36.314
30.094
51.1883
-86.9054
-84.6001
-85.7238
52.2873
59.1115
54.8634
26.5164
27.7087
24.8851
66.5845
65.0228
55.0348
25.0604
26.7449
25.5384
24.364
27.2555
24.7794
81.8355
81.6861
77.4098
78.9671
79.1048
77.47
74.4913
80.545
76.1566
70.0435
-53.3098
-76.5396
-67.0361
-105.756
-96.3888
67.4503
73.5437
72.7907
93.6069
73.3884
-15.3331
24.1293
27.5692
88.734
78.9767
79.2686
29.6816
27.0826
28.607
28.285
77.1133
77.5378
76.5227
75.0833
54.6153
-122.83
-122.155
-122.089
-122.755
-97.304
-97.8668
-97.6713
66.3863
60.2871
68.1568
55.9824
73.181
-3.66905
-1.41372
0.811217
82.7266
85.3199
82.1234
86.6157
9.00523
7.36337
11.1532
9.12846
80.3314
85.6243
92.6289
88.6029
85.9554
88.7274
12.2969
13.2652
15.9683
18.1669
55.8931
62.2913
78.0047
77.3455
77.2463
77.4804
76.9766
-95.6208
-80.666
-73.4801
-75.7657
31.5359
30.3883
30.8527
78.4171
-115.642
-108.336
-112.953
-111.811
84.3315
83.7704
81.1955
84.2443
-69.6842
-69.9193
36.9944
37.3094
37.5885
36.8999
36.7697
-69.591
-69.2006
-69.6539
-69.9768
36.9745
37.2011
36.7332
77.9104
78.2555
78.995
87.7124
87.8654
87.3809
87.5258
81.406
73.8462
13.1438
10.0311
59.2585
62.1134
58.5217
61.2628
40.3184
40.304
40.3779
40.2402
76.8449
76.832
77.1195
76.6873
51.4242
4.85191
5.62988
-109.043
-102.888
-107.704
-110.954
-90.9453
-86.1189
-88.9274
-87.7352
-91.8634
-91.1713
-92.6364
-90.0469
-89.5898
-94.9933
-94.2996
-94.8237
83.7521
84.6319
15.6166
16.8494
13.8194
13.7009
-70.15
-68.7356
-71.7254
-70.9885
-69.6223
-70.714
-67.918
-70.0541
-69.0502
89.0163
83.7157
94.434
81.2107
-90.8126
-88.4373
-88.6513
-89.8408
-52.3568
-51.4521
-53.9678
76.5296
76.5826
76.3282
76.7004
76.3645
12.6633
11.0123
73.6921
61.5285
56.8708
30.9762
29.7451
32.0051
30.8618
-125.691
-119.649
79.3737
79.5531
83.0518
77.9851
83.6716
79.2508
24.1929
22.9658
24.0283
23.0238
20.6709
19.0901
19.8116
77.0393
75.2577
75.6619
73.8628
-121.351
-120.669
-122.466
-117.577
90.9118
90.4704
89.9415
91.2727
90.5727
78.0836
78.5078
83.0044
77.7563
15.9262
16.6862
18.9186
17.3044
18.2771
79.6028
18.8617
20.1547
21.9238
20.9871
33.0298
34.4693
-124.183
-8.53628
-6.25043
-9.80971
77.975
77.2707
2.06267
2.99323
3.13147
2.21951
27.3227
26.8586
28.0384
-116.737
-116.717
-114.025
75.9404
10.1567
-2.70747
73.1143
29.7852
58.1681
28.8677
78.4036
80.0224
77.9018
80.9621
81.6724
80.1549
79.7376
-107.122
-103.087
-111.918
-99.3593
2.84734
2.23297
3.55271
2.31982
2.46045
81.7668
81.6901
82.1676
81.1055
-69.8679
-68.8951
-69.9077
74.1163
75.2965
1.71478
1.00614
82.1025
61.5298
67.0066
30.8289
29.8845
31.6359
30.0849
29.7257
-119.09
100.536
93.4813
-106.309
95.9025
8.46894
8.02137
6.96577
6.08347
5.93665
-103.561
-103.585
34.0674
33.7354
34.6003
30.9806
29.3682
31.5426
81.9323
80.6915
82.0379
78.1724
99.5124
96.5197
100.404
40.5104
40.6631
41.0014
76.1271
59.5819
65.8754
46.5963
66.5368
79.5497
83.3847
-101.512
-99.2209
-106.051
-96.7696
-66.2017
-63.2065
-65.0126
-66.2088
-62.2083
86.2968
86.4198
86.9132
87.1208
83.8676
84.4875
86.0848
86.0924
86.0605
84.0575
84.6801
83.6955
84.8173
84.9793
85.4111
85.7955
82.6639
-90.8771
-95.1951
-93.5331
-90.847
-92.659
80.5152
80.959
45.7071
46.2194
48.7252
46.8672
-0.973846
94.3296
83.0741
-91.4414
-126.234
-128.324
-127.988
49.5774
46.2577
55.1921
49.9404
24.1158
27.0615
29.3978
15.2359
12.7434
47.2262
49.558
9.94724
84.9557
94.5588
90.5065
86.1415
-55.9688
-55.3298
-54.1811
-55.407
-49.097
-50.8951
-47.7479
-52.2444
-54.2896
54.7719
37.7513
37.9307
36.8053
36.0117
34.2466
30.3511
35.0081
29.878
32.3917
-96.3573
-97.0397
-96.5013
-33.3248
-32.8799
-31.7653
-18.3916
-21.1657
-15.1681
78.5219
77.4448
77.9171
78.6343
46.5052
46.4538
46.4621
-125.669
-125.694
68.7328
82.3045
83.0338
96.4658
98.1033
73.3141
71.9962
76.9112
54.1388
-120.534
-114.784
-118.236
-117.419
43.2374
43.0551
45.5401
46.7872
46.0377
13.7624
12.5404
94.2761
96.4847
-45.7365
-44.644
-44.0319
-43.6919
4.66089
8.03454
34.4071
32.0317
35.6446
-81.7084
-86.0463
-84.8863
38.6607
38.9046
39.1961
38.2606
91.2949
90.4708
90.6665
90.9092
91.4588
4.87858
4.14
81.2118
85.2781
84.3046
22.6713
20.8455
13.6227
14.7185
10.1656
12.0926
11.5826
9.55184
28.6159
28.1461
-37.9527
-35.8928
-38.773
-41.1611
84.6379
91.5194
98.272
42.0026
41.9619
62.4819
64.859
55.0286
-69.0059
-70.3299
-70.9735
-55.2807
-50.8065
-54.8626
-51.0681
53.5261
60.0771
58.1766
49.9682
64.4908
59.4131
60.2554
63.1329
57.406
60.2359
52.5376
27.1444
27.6187
30.8217
23.4499
82.5685
77.5279
78.6298
77.7674
75.7816
67.7895
70.7533
-71.4234
-69.4426
-73.5906
78.974
78.4805
79.9017
79.4942
-102.523
-101.643
-103.344
75.6748
76.5116
74.0201
76.9196
77.3069
76.5013
36.7597
82.5823
85.1741
85.1791
85.5152
-10.8506
-10.5254
-7.15631
-6.98765
79.4449
95.6914
35.855
84.7817
83.1687
23.463
22.9583
24.7891
21.9518
20.1376
18.0752
20.5655
17.8473
0.973334
3.01908
3.18459
0.23678
6.57527
6.84583
-31.7535
-31.9129
-30.4355
-32.5362
-30.4152
35.9691
34.2457
37.887
35.8552
9.90678
9.13154
12.097
8.64283
13.9526
1.23268
4.8228
4.65728
45.2736
85.097
85.5389
85.1994
85.6473
81.6144
88.3617
88.3383
89.0344
70.9876
11.4977
13.1786
10.0693
-96.7521
-96.1723
-96.991
39.3892
39.6658
39.9999
39.0578
55.614
54.0221
54.4265
3.38566
4.02082
4.87211
5.36042
34.527
29.3406
-96.2274
-98.1869
-97.2862
-96.942
-93.8028
-90.4393
-89.1758
-94.4548
-56.8815
-57.0319
-53.194
-7.78406
-15.8106
41.358
41.0169
41.4425
41.1705
41.0505
77.4824
77.0888
72.63
75.4779
75.7983
76.1785
51.8932
45.6078
46.3509
48.4124
48.1652
40.0271
39.9349
40.079
39.8208
38.8599
39.059
39.0444
38.5915
39.1794
38.865
33.1082
33.9354
34.6219
50.5322
45.0898
47.9173
43.8408
84.7821
84.9195
84.7108
85.3836
85.5687
35.1128
35.9063
36.1742
34.9924
54.1629
87.4841
87.6596
87.5538
75.9043
28.4344
27.4949
26.8349
26.4284
29.5451
28.7875
30.2198
50.0191
47.5142
50.692
-40.9637
-41.9136
-40.4819
-40.8423
-46.2362
44.5218
46.0421
42.1499
34.2065
35.3678
39.0784
33.3678
50.8394
38.7513
81.1125
82.059
80.568
30.7047
29.7676
29.3551
28.4557
23.3029
22.7583
24.2438
22.5434
14.6271
20.7425
21.1959
18.7282
61.95
63.8423
60.5684
60.0714
59.0029
79.8479
79.6787
78.4344
23.7341
24.3784
22.1728
25.7811
-76.4131
-74.7964
-75.4101
-77.5817
17.7747
16.3771
16.7054
36.5174
36.9144
37.0367
-21.8375
-20.2018
-18.2431
-18.345
-14.7457
19.0407
17.6219
15.4209
15.1722
18.7018
39.155
38.9259
39.7338
39.9314
-47.8373
-45.5617
-49.0957
-43.9341
-44.7244
-7.88736
-4.00248
15.7832
18.9781
77.1178
77.1506
76.6566
76.5937
79.4599
77.6294
77.5897
76.069
-95.8238
-95.4308
-95.4605
-120.413
-120.264
102.538
-109.654
-93.7649
-92.447
-91.4464
-94.8414
-94.902
81.6973
82.5008
83.8757
84.1943
42.6847
42.252
42.2297
42.7548
-101.054
-99.4397
51.6576
54.7334
-120.245
-128.53
-126.306
-99.0591
-104.574
-102.039
80.5934
77.3434
76.0721
-121.97
-122.115
-126.258
70.5519
79.2793
63.0224
62.9631
50.0538
52.3978
76.5347
-34.6529
-34.0025
-33.6553
46.5213
44.462
54.1569
54.1437
51.5263
61.7582
45.2528
46.8307
45.1794
42.1894
-37.1635
-37.3932
-36.126
-121.527
-121.174
-102.675
-100.841
-103.294
-100.476
71.569
72.3904
72.6219
82.0006
84.0666
79.6067
75.0032
74.2167
5.42285
-0.32152
8.80674
8.51966
21.6169
22.0443
71.5934
66.6687
69.8482
76.038
77.7099
73.1978
78.2524
78.0348
78.2478
79.009
23.3719
23.5003
78.7819
76.7809
78.1804
77.3919
-37.5968
-36.6331
-35.7903
-36.8349
1.09518
2.39271
1.75667
0.534092
21.6664
21.6713
22.2697
20.2064
10.6354
16.0539
19.8667
20.6153
81.1923
68.911
14.1621
14.1963
14.4317
78.2301
78.6353
78.2827
-64.6383
-74.4538
-46.9101
-103.159
30.7084
31.0058
31.8651
29.9157
87.792
86.8154
88.1981
85.4049
-78.2497
-58.4543
-68.9467
70.5414
70.1842
73.2555
74.498
-106.551
-106.548
-108.078
-104.844
-108.842
-97.4922
-88.0077
-95.92
37.9579
37.4373
38.2578
23.4462
27.6607
27.4846
31.9986
74.7604
76.9387
72.9295
72.3802
36.5386
34.1358
37.5833
32.7457
54.962
51.1901
52.76
38.1739
39.8173
42.1779
56.8771
53.8835
52.6399
59.2761
67.4525
83.0933
82.7197
79.905
81.2859
79.9162
77.0702
76.8969
77.1557
3.90843
-44.0758
-43.9244
-44.8541
78.8213
78.3411
77.8454
84.8279
15.8976
15.8261
18.0654
14.7475
80.8078
40.6243
40.283
40.2643
40.0195
13.8229
14.2845
15.6696
84.3326
84.1084
83.6514
40.2409
40.2358
40.2518
39.287
39.5369
38.6675
38.9401
-67.8596
-73.8459
-74.1252
-72.2042
33.6334
76.7538
-119.231
-111.652
-113.62
18.0564
100.372
101.412
101.668
78.5049
78.373
80.0208
78.7954
79.7993
80.1832
22.037
22.5502
20.3034
24.4224
24.1946
23.2016
22.9466
21.741
79.9166
79.8355
84.1339
79.8378
26.0601
27.8929
26.3537
28.716
24.5014
-10.0607
-12.054
-13.0808
-62.5467
-59.1216
-61.2829
81.4447
80.367
80.3337
83.0138
80.803
80.3875
88.9162
91.8048
79.3636
76.1746
72.4847
79.0084
79.2246
79.4077
16.6361
82.1201
81.4739
60.9462
93.4339
-99.7482
-105.449
-106.31
82.3788
107.372
102.13
108.991
102.37
80.3756
30.6386
-71.8937
-98.9094
-96.7383
-96.8371
-97.1766
-97.4181
100.821
106.312
78.8515
-48.5746
78.8081
-108.343
-109.703
81.9009
81.3545
79.6757
67.2102
65.1816
-7.92861
-2.9034
-2.96193
-8.76503
23.0961
17.0793
27.5566
21.0079
22.6552
28.2542
83.0351
80.3575
35.1985
36.0754
32.6336
34.0038
-98.4562
-94.9662
-95.2799
-98.9913
16.7057
23.7918
9.38089
76.5488
18.2084
84.5392
83.6239
84.3235
31.51
27.1848
41.8319
41.4484
41.8436
-102.566
-108.254
-109.398
-103.812
-96.6375
-95.9188
-96.2536
42.3754
41.9906
42.5885
-102.976
-104.449
-104.978
14.0171
8.56462
14.2236
10.8407
5.94185
-101.801
-100.014
-102.454
-97.7738
-95.6152
-97.7766
-98.5787
-109.744
-111.215
-122.503
-107.394
34.5618
-83.3365
-125.745
102.034
45.0394
44.8739
44.5044
85.3043
-104.34
-127.982
-111.569
-127.866
28.8388
33.6337
28.5631
35.5706
54.835
28.1935
23.0303
22.1711
18.9838
75.4617
-67.363
-65.748
-67.2895
-69.6855
70.2686
68.6329
68.2702
15.0896
12.7882
62.8239
59.0046
-48.2259
-98.7193
-97.1439
-98.7656
-2.69009
-4.35484
-0.412913
-99.2882
-97.885
-98.2433
-99.1449
105.715
108
104.817
19.7733
18.2074
88.0474
86.191
87.0639
88.5
86.6426
22.5176
26.3406
20.1775
23.6509
82.4233
92.8187
103.428
97.4511
95.8726
14.2552
-111.426
-122.594
81.2058
80.8073
81.4997
22.9792
23.8527
24.4905
22.5156
22.5918
25.7461
25.7407
62.3186
73.3008
108.838
-4.9156
-6.74861
62.7855
78.7919
78.5094
77.6164
77.6841
76.8025
45.2318
44.7845
45.3981
44.8361
57.0575
55.9054
106.163
-120.005
44.4026
57.8624
81.7778
86.804
41.109
31.1259
45.7253
33.9657
45.9944
-75.8528
-79.8189
-75.9298
76.2689
76.7147
76.7044
76.8796
-125.22
-123.538
-124.747
-126.326
52.7445
-106.952
-106.843
-104.931
-84.787
-87.6472
-87.9126
-84.8076
39.8452
40.4284
42.7419
28.7124
28.5056
30.3804
26.9961
31.2212
-74.537
-73.6898
-76.1516
-77.256
13.3505
36.9203
36.0338
36.7756
36.8624
37.1
27.5411
27.1733
-56.4316
-56.0082
-59.1769
-52.6396
-53.409
-53.9471
48.1323
76.9498
77.0562
76.9512
52.3513
77.1418
77.201
-40.3895
-40.483
-40.9615
-41.1013
-47.518
-64.9041
-70.5564
-53.4266
41.8242
107.599
102.142
100.389
-3.2379
-3.42101
0.295942
-97.6424
-97.9995
-99.1206
65.7207
75.4697
77.0639
76.101
-118.299
-115.201
-116.969
90.8676
64.9336
59.2388
59.2248
72.0098
74.9673
74.6894
70.6955
73.3835
-20.9726
-15.0937
-17.1955
-23.2418
65.3868
62.4827
65.1681
31.4913
28.9715
31.1754
-0.271762
-0.953579
-1.24605
-1.70652
0.40507
37.6762
37.1963
36.3141
39.7837
39.8963
39.5758
40.6233
40.758
41.2231
42.1038
41.8016
-28.5818
-27.6814
-26.4305
-30.0997
40.2679
40.4568
57.4158
52.7698
-27.7818
-117.242
-48.0339
-126.969
-18.8255
34.6564
36.1368
33.8595
35.0558
26.9262
24.772
26.9042
35.9393
36.6725
40.6083
40.4582
40.6954
40.4761
40.4461
68.8694
70.8114
71.5525
-26.2603
-26.5264
-23.5023
-13.1751
-21.7334
73.6634
73.0855
72.2839
28.4649
25.5226
29.6548
26.3102
37.1356
36.884
37.9772
-115.247
-113.311
-112.502
-97.9252
-97.3814
-98.5882
-98.7814
-36.6323
-36.0085
-1.6703
-1.59322
-0.118233
-0.559147
23.1248
29.0842
28.9507
87.2081
87.3397
34.367
35.6407
76.9578
77.1162
75.9038
67.1725
77.0444
65.0107
40.2825
40.2209
40.3226
38.3116
-103.826
-96.7627
-101.983
-89.3896
-105.365
-110.659
-104.089
-36.4697
-91.1547
17.4563
-102.557
-106.126
39.7117
39.9185
40.0759
39.5637
-92.8005
-93.4441
84.8241
89.0673
84.312
88.9215
76.3741
21.5078
20.5796
20.2956
40.4701
38.6862
38.8085
42.2223
43.0239
-85.0202
12.5814
-6.98807
-6.34392
-6.2137
37.2389
73.285
56.7874
51.6086
57.8928
64.7212
55.5505
47.2846
7.96164
10.2312
-67.3513
-58.0419
-72.1802
-59.4094
-53.4064
-107.957
-106.595
-109.03
71.7117
72.4731
68.1768
38.6185
-22.2566
-21.1911
-20.3011
40.1806
40.1471
40.9891
28.6908
26.7264
28.336
25.9179
27.7893
22.4883
-118.539
40.6394
-110.252
-112.506
-116.304
-120.623
-62.1375
-60.6955
-64.1134
-60.3945
-1.4635
-1.09995
-0.69724
3.35221
42.4213
44.3038
45.6073
-50.3942
-52.4145
-53.8178
-48.1842
-1.56216
-1.13432
28.3194
27.8964
38.9368
38.8569
40.5272
40.3332
40.4375
40.448
-96.9365
-97.6878
-97.7587
84.7904
85.5146
85.4143
38.0419
37.5442
38.9832
-5.03985
-3.79344
38.4736
35.9643
39.278
37.2788
33.1975
94.9877
104.943
-117.845
-122.286
103.881
-48.2889
-47.7009
-48.2444
-47.8905
43.0246
46.8216
48.6795
55.2484
29.8242
28.9164
31.7294
21.7794
26.35
-53.7393
-50.2658
-49.5622
-43.5867
-31.706
-31.0056
-30.2246
-32.6381
-28.4647
42.7753
53.5958
-126.607
-126.412
-120.548
67.9069
-104.672
-108.977
-41.618
-38.1778
86.2064
90.7848
28.4596
29.2263
28.6518
19.3473
-7.99465
-7.39066
-6.41052
-11.13
-120.602
33.6978
25.1591
26.6283
-102.821
-104.167
19.2238
17.3937
22.0473
16.9125
19.302
24.698
-62.6017
-122.719
-118.203
-115.001
106.956
-67.6184
-70.1733
-68.1605
39.7312
39.6604
39.9591
-58.0407
-58.7309
46.7781
69.9698
66.694
15.0429
12.6268
-94.1914
-95.8526
-91.1945
-103.992
-105.354
-105.218
18.5324
18.7011
19.0457
83.3547
79.8084
-104.01
-104.108
-102.7
-48.7009
-46.3629
-47.9238
-46.6323
-75.8411
11.3184
11.6868
-58.7984
-60.2651
-57.5486
-57.3224
-78.4248
-74.7748
-76.7812
-77.2665
-75.9349
85.3349
35.4335
40.06
81.8095
78.6568
80.4091
77.3127
80.5645
36.7759
36.0719
50.362
54.7574
85.7047
86.5968
-60.5014
-62.731
87.3448
77.4576
77.4064
-62.0257
-60.4246
-61.1623
-59.6893
77.9128
80.2107
75.0863
74.345
73.74
71.9841
45.6525
45.5053
46.0796
46.3697
-56.1408
-58.256
-58.564
82.0057
85.7691
86.6534
67.6473
2.83629
3.59609
3.78053
1.86708
40.6811
39.8125
13.6558
13.5651
7.43963
80.3452
-39.876
-36.7543
-43.8031
43.6128
48.2058
49.1928
45.8549
42.0852
4.4047
4.19072
6.06018
3.12592
54.5566
86.9224
86.5657
85.8397
86.0534
87.1194
28.0606
68.4237
72.3994
-42.3234
-41.35
-41.0195
-41.5311
-88.049
-6.00978
-9.39989
-8.30457
38.9877
39.0402
36.0146
-40.6189
-40.7143
-41.3056
-40.7599
76.0285
77.0676
77.2703
86.3944
87.2297
-42.513
-41.1775
-42.5781
-43.8983
59.2152
53.5664
31.619
35.0321
83.8235
82.3762
83.2327
76.685
76.7203
36.6473
37.4325
88.6255
88.6495
89.14
88.6285
46.4609
46.5181
46.7873
47.7631
41.3276
58.2014
66.26
47.1288
46.1419
49.6709
43.8817
40.8663
45.9682
47.5081
42.5602
-50.8047
-49.4573
-51.626
78.7607
80.4913
38.3957
36.4428
80.893
-108.239
-111.025
81.4922
63.4827
27.432
29.793
54.0737
66.9075
51.418
70.1716
78.8185
81.4989
83.6234
-109.355
-111.624
-110.542
-107.399
-108.828
8.95493
71.0789
63.874
88.995
89.5918
85.8147
83.3876
84.0872
87.3204
34.5899
35.2136
36.1133
38.8116
74.4149
73.295
73.8357
75.12
74.7758
82.0013
23.6905
22.6626
-59.4709
-59.1955
74.757
76.5882
76.3283
41.0234
42.3414
87.1547
-94.205
-108.309
-48.2129
-117.764
84.0697
85.3147
89.2455
87.6061
-75.9165
-88.9661
-68.0835
-98.0724
-29.5106
-30.0893
-32.3698
-3.02521
-3.39628
-2.45652
-4.0219
-2.01663
71.6103
72.7865
-4.80311
-5.52797
-5.55523
-5.47836
-1.1705
69.406
-5.68978
-6.68924
-4.48196
-6.16208
-51.6693
-48.3896
-49.9853
-50.1791
49.7676
70.273
48.7318
48.8527
83.5892
77.6679
43.4953
43.1558
43.0338
43.7903
-44.2208
-43.8797
-48.5989
-41.8907
28.0724
35.6816
51.6074
-24.2223
-25.1678
-20.9995
72.8177
63.3221
66.9983
38.8768
38.4081
105.753
108.085
101.19
109.468
72.3182
47.6943
85.2152
80.336
-109.551
-114.001
-107.767
-116.511
17.4923
-107.499
18.8619
18.9277
20.482
19.3334
17.3609
21.7814
83.4918
26.5549
28.7625
-26.9527
-23.9124
-23.3561
-25.6213
-129.115
39.8154
47.609
43.0506
40.9723
-83.7471
-86.8045
55.6446
51.3359
57.2074
48.2849
-28.4688
-28.2934
-25.474
7.34743
7.04247
-121.886
-120.187
-120.623
-121.108
-8.64263
-9.24332
-3.91439
91.749
94.0948
92.6893
94.0377
3.88366
6.65105
85.338
44.7172
52.1722
88.1102
40.5352
40.4308
40.3166
40.2736
41.7309
41.8082
41.417
41.3616
-36.6847
-45.2352
-18.3021
0.614759
4.78137
-40.9924
-41.6149
9.75404
11.0618
10.7788
-46.7216
-48.1992
-3.18428
-1.37866
56.5053
59.5373
50.6234
94.7625
92.4673
45.1609
19.7697
21.8346
12.2751
13.5615
-92.6338
-87.5752
-90.5345
-91.1953
25.7207
22.6137
29.9322
30.3456
31.9156
96.6465
89.8596
89.9215
76.4289
64.7819
64.8722
55.2781
-38.7914
-38.9147
-41.5582
37.2809
86.3262
42.9273
42.4226
42.8923
43.7219
49.0079
50.6728
49.4152
37.6808
37.4159
36.4336
33.1152
83.3455
80.0959
76.7413
89.8521
89.1652
88.1398
92.6998
89.1935
-64.6284
-66.6342
-1.88185
-13.3949
55.7839
54.6596
53.2457
49.9055
51.5606
86.318
86.5935
25.1676
65.2169
72.7788
67.5416
64.588
73.755
-41.3506
-43.1726
27.6744
-23.4287
-19.9666
-21.2781
84.8626
40.547
40.497
40.2031
41.1326
41.1557
24.5
-29.3245
-26.3061
-30.8239
40.555
40.362
-103.456
-104.88
-104.405
-102.053
-102.716
14.7058
83.3766
85.0368
53.5302
51.6802
-55.9416
-57.8751
-57.73
-55.1233
54.7671
-92.6892
-94.13
-74.2113
-74.2619
-73.4497
37.2539
39.0694
9.70542
11.4525
7.51752
35.9566
33.3522
40.2425
27.6177
24.9468
28.0897
29.4538
31.915
-100.449
-96.9685
-99.1152
75.8313
75.0616
32.3657
34.1995
38.5339
27.2377
-79.9715
-82.7928
-80.0313
-83.0552
87.7372
45.4296
45.8509
85.0319
86.8403
60.0907
65.6804
59.8085
64.5314
62.3787
18.6025
18.9205
17.0741
39.982
39.7027
39.963
41.6078
41.1431
41.4449
41.0748
-33.8458
-33.5233
-33.3803
83.2818
71.7835
73.4461
48.6352
79.6557
68.9105
92.7076
86.9666
19.3646
23.421
27.1654
31.2008
44.6471
43.2562
43.7956
43.6693
70.3235
-86.8723
-72.1108
33.2701
33.4965
37.2874
-94.4268
-94.2625
3.02048
4.33943
3.95275
2.74478
-73.0063
-71.2844
-73.5401
88.6982
-52.0739
-53.2909
-54.2995
-53.6675
89.9103
41.6203
40.6415
41.4499
44.743
46.53
-91.2855
-75.1948
-77.9642
-79.9363
-87.0651
-93.5183
-94.1759
-94.2038
-93.4566
40.0733
39.7301
-58.2552
-41.2516
-46.8743
-40.069
76.9169
48.9683
51.1855
47.5382
40.511
40.7247
40.9128
-39.8893
-40.2053
92.0076
40.8797
40.962
41.1405
66.0137
67.8508
70.9628
68.5027
76.4562
75.214
76.6079
75.0722
-39.0286
-46.1046
41.9938
41.8938
75.6652
76.3753
75.3877
84.4013
83.49
-93.4516
-81.9942
-107.544
-58.8405
-62.8764
-39.1411
22.9386
24.0485
78.0711
50.7183
86.4081
79.1058
79.095
78.9159
79.9502
-116.766
-118.909
-122.027
81.643
51.41
54.923
55.6227
-111.443
-120.573
-106.927
20.8612
18.9565
22.8573
-107.205
-102.394
-94.3626
-105.661
76.4662
-120.132
-120.583
-117.258
-122.031
-125.966
-124.219
-123.487
-124.583
35.3777
31.5831
34.5225
86.8127
-82.0028
63.499
38.6398
75.4463
79.6061
-36.9811
-33.0892
-35.6563
33.3133
28.6669
29.6456
19.4435
-3.60238
-34.6427
-34.0997
-33.4898
-35.3922
18.8097
76.552
76.3494
77.7422
77.6752
-88.9663
-87.8429
-90.3406
-88.7322
31.5947
29.132
30.6066
28.9363
-121.972
-122.063
3.75354
3.08966
28.4918
-101.132
-101.309
0.395787
23.414
-123.696
44.534
46.2694
31.4257
30.9021
60.2257
55.0679
62.8588
47.8271
77.0439
45.6046
59.9767
84.4481
85.2582
84.95
43.1811
43.9471
45.4954
-73.6787
-69.8549
-72.319
41.4286
37.0013
39.2419
40.4092
-108.23
-93.4805
-92.8629
47.4258
45.7602
40.2015
40.1778
-101.764
-102.459
-103.875
-101.41
-103.357
81.4265
81.6759
81.8566
83.5578
36.9212
-37.249
-38.8648
-37.2842
-38.0431
-38.4459
27.9868
-14.1746
-20.7505
-15.5307
-23.7474
-124.981
109.491
81.0024
104.038
-129.054
-123.093
-126.481
-40.4004
-5.34308
-1.32118
-8.93497
-3.14269
1.51448
-4.86502
85.6487
-129.218
-124.451
-102.304
-103.748
-101.553
-103.061
97.3773
-41.9946
-38.7888
-41.1497
-40.0854
-102.623
32.6858
36.7282
38.0491
37.2238
-14.286
-26.1878
101.853
104.715
42.4907
42.0398
70.2912
66.2147
-1.91642
-2.83987
-2.44773
-1.77503
0.296525
93.465
95.274
-51.7484
-56.2652
-54.6075
-53.0785
-54.4914
-52.0396
18.1494
18.2935
20.0661
20.072
-35.7568
-30.2345
-24.7171
-41.4552
-118.434
-122.404
-126.121
-114.1
43.5969
42.9362
65.8476
-2.1606
-1.2708
35.9386
75.1372
85.2579
86.9427
83.5808
35.3035
32.2453
39.9083
35.6879
60.7365
23.5494
35.8665
44.4073
36.1583
-96.3884
-96.6792
-98.4792
27.1489
29.3186
26.6905
30.6188
22.6941
26.0069
24.9432
28.1466
31.7693
32.2564
28.1602
31.4946
32.7829
30.8205
58.6243
-44.0876
-43.9538
-13.7787
-7.44394
-11.904
78.3716
40.1693
40.7589
40.6429
40.6077
-98.645
-99.5813
-99.5949
-98.5606
-9.24988
-4.23819
59.936
35.5702
34.2162
75.8551
75.4813
75.7724
-70.2292
-81.016
-74.7607
-62.4932
-68.153
-78.1379
28.3914
27.7272
-32.2375
-31.0392
-66.8779
37.4994
88.1346
90.4915
81.9634
42.1327
39.365
43.2653
-122.212
107.768
98.7319
101.269
26.7392
27.0881
28.5707
-40.3132
-39.8357
-39.5275
-40.0901
2.10368
3.67302
31.4226
49.0384
13.5981
53.7853
32.0534
28.34
20.7463
38.6643
65.4818
-40.8955
-40.7664
-40.3707
-41.1825
-122.037
-120.16
-120.843
95.1649
93.5988
95.5507
33.8401
-26.7929
-29.1497
-34.9231
-29.619
36.0378
22.4134
27.0681
25.6751
24.1092
-72.6459
-69.4152
-75.319
-70.0816
-70.9393
30.4469
-68.3525
-68.7622
-69.4298
-124.143
49.1243
46.2688
-1.45996
-12.3935
-6.88151
-41.6958
-40.5323
-28.3621
-26.5932
-26.675
-33.9326
-89.2903
-87.8005
-89.453
-91.1944
-92.4343
-95.9576
-91.1454
-95.7169
25.6585
27.904
23.8109
28.218
25.9121
31.0441
-20.0774
-16.8277
-18.3831
-19.4736
79.8922
79.1972
77.5614
80.312
81.4356
80.5026
70.3592
85.7311
86.3035
87.2289
-127.436
-120.499
107.69
-126.331
69.4794
-98.0051
90.8864
-117.133
-119.227
-115.216
-103.713
-105.872
93.6405
92.4766
23.3397
24.7975
22.9276
-94.2143
-96.9989
56.1054
58.9334
76.5542
75.6083
75.6033
81.197
82.5999
81.5865
83.0912
77.7228
78.0435
77.4061
-60.7572
-58.8423
-60.712
0.0197138
-1.36921
65.5923
72.4204
-106.392
-108.493
-107.334
-105.342
-58.2397
-56.2702
-57.9443
-47.5095
-45.8329
-47.5066
-49.1219
-50.3034
0.777418
-0.638075
-0.116934
30.8515
31.1038
27.1236
26.4532
27.5789
-52.061
42.2987
40.7107
56.744
58.0209
3.10841
8.2681
7.72214
2.99155
4.40961
7.79578
26.7049
25.8214
24.381
28.9321
102.199
-110.826
-127.598
10.1962
6.89912
76.0308
73.1972
75.8457
26.855
25.4446
27.0414
25.6018
38.0584
-19.3978
-25.912
-21.4511
-28.2611
-114.6
-110.971
-112.877
15.8419
18.1833
22.6043
17.5123
23.684
2.07564
1.40132
2.33663
1.6861
82.5155
83.1961
79.7141
78.8486
78.8257
79.7003
80.4088
76.505
76.3579
76.6937
76.0433
8.63832
7.95788
5.45502
-52.7483
-50.5767
-33.1104
85.5906
84.8943
86.2138
85.4296
75.4151
-102.984
-98.4408
-101.05
-105.775
29.382
30.1075
31.1071
32.8135
87.3691
83.7925
35.8741
79.7303
79.443
79.1757
-70.1025
-69.799
-112.557
-125.219
-121.78
-119.707
24.2269
25.2382
-96.9501
-91.5
-95.1179
-84.2528
-85.1332
23.3515
19.0722
21.9649
40.559
38.0065
-5.58885
78.6362
-75.034
-69.7882
28.676
26.391
27.8396
87.5484
87.8591
87.6676
24.6968
-45.0746
-45.3906
-32.0085
-28.0874
-32.7354
-29.0575
-26.9409
-1.80087
-0.512426
-107.75
-107.713
-102.953
-116.17
-96.2182
72.1796
73.6726
-18.8371
-13.418
-13.2846
-19.3971
-124.736
-123.645
-122.811
92.58
4.84537
6.47599
7.70167
4.05289
-7.05284
-0.981867
-11.5326
-12.5949
-11.3949
-13.8709
-10.9196
37.3558
37.7851
36.6117
-98.6891
-77.4672
-82.135
-83.648
-81.2435
-9.58671
-59.1522
-116.134
3.18118
4.56635
6.59794
5.49624
-101.767
-106.331
-119.338
-116.114
42.9862
43.0135
42.7359
-121.327
-125.32
47.9163
-50.3283
-48.0941
-49.6609
-69.6375
-69.1088
-68.5054
-71.0271
-70.4647
100.398
100.09
98.0911
102.086
102.867
-94.9423
40.2723
40.3568
34.9487
74.3902
75.9921
-45.3193
-44.6771
76.1549
75.9945
77.483
76.8053
105.421
-128.906
107.563
-126.528
19.6986
17.5307
15.6973
19.7757
17.1077
40.9258
41.1197
41.3022
41.4153
41.6005
39.956
40.3531
39.6279
-97.9309
-98.9464
-98.7616
-85.6891
-83.5413
-12.1837
-11.225
-72.7189
-76.524
20.8499
21.0174
28.55
102.094
100.797
102.142
103.635
90.3848
90.4465
90.9373
48.651
-89.3725
-90.2417
-92.9444
-92.3405
7.82528
11.2918
17.5708
1.92339
5.71285
14.3157
-1.70184
108.906
-128.089
-128.601
91.8201
84.4319
86.3121
92.5687
-2.71235
-6.80557
-6.54132
-40.2238
-41.1948
-34.9248
-99.7891
-99.2483
-99.1524
78.6499
78.4069
79.9127
82.6259
82.1276
80.5428
83.951
79.2101
-43.6101
-43.9851
-44.3134
-43.231
-44.4434
81.4613
81.4353
81.9288
18.5072
21.1584
40.0019
-47.279
-45.7286
-46.6051
41.3541
42.1025
28.9796
21.8957
-66.3551
39.7311
36.669
26.2064
75.7252
76.7699
-110.285
-104.563
40.3205
40.1889
28.0094
-53.5967
-54.7367
77.7335
76.1227
27.9142
29.331
-40.9504
24.9583
57.3717
66.3632
-36.0264
-39.3152
-38.0841
-33.6818
101.146
106.442
-118.919
66.0154
58.9136
2.11148
81.9427
65.362
58.5596
46.7374
47.7893
34.3068
-70.2736
48.5594
43.5384
46.5804
46.6702
50.8756
49.3735
-82.4389
-79.8579
-82.3041
79.4093
80.1058
80.0486
-102.165
-60.3058
-60.0093
-64.4025
-63.8038
-73.8759
-74.2256
-75.9379
91.9054
106.267
90.6679
-121.778
-122.808
-122.446
-101.681
-87.8525
-82.6419
-86.523
-89.6438
23.7289
19.591
85.3508
85.5196
85.6869
48.8813
39.3096
101.491
99.1526
101.467
49.3767
52.4536
50.6106
53.2761
52.4605
98.2693
101.939
102.126
105.2
40.8206
40.6547
41.4968
91.2699
90.8245
91.1182
32.1742
32.4706
35.9397
44.0414
-36.7476
33.9379
33.2496
-101.62
-100.553
-100.76
-42.7479
-43.0901
-41.7415
-40.7872
-122.156
-121.599
-122.459
-123.373
-113.184
-82.8136
-107.18
-77.4629
1.19611
3.45205
1.98593
91.9065
79.151
79.4248
-101.267
-100.524
-100.828
-115.285
-118.757
-128.798
-105.807
-124.996
53.7897
50.992
47.0683
55.3843
48.5789
39.7622
37.5332
65.8817
21.2247
22.3671
21.4425
32.8034
32.0668
69.9445
33.4873
37.2703
36.2067
39.3834
39.226
40.093
-85.7007
27.5916
71.6898
71.3785
83.388
81.0759
41.7354
71.6648
86.5942
86.2423
84.8946
84.7463
-24.7164
-26.459
-25.5156
-25.5748
51.7411
77.9686
77.5985
-129.764
108.343
105.474
-70.7132
-66.4598
-71.6391
-75.6287
-76.5646
107.179
-102.278
-106.367
-91.6531
42.1034
-50.5951
-53.539
-51.5647
76.7555
77.2156
-37.5676
-35.6075
-38.2059
-22.0907
34.8732
56.6941
-129.446
72.8111
18.1604
10.4005
22.5924
16.9946
13.3495
-57.4443
-62.5824
-62.1222
-58.3378
-104.273
-86.5579
39.863
80.2951
84.5237
8.7888
76.2992
-79.1624
-79.1296
-72.325
81.0996
81.4094
-78.5726
-71.5335
-75.8545
-77.239
36.6235
35.3562
39.607
78.1531
77.2646
77.7608
78.0494
21.6393
-45.4622
-41.2591
-44.6255
73.5355
75.0595
74.849
75.2879
-51.848
34.3419
33.3468
-44.4208
-40.6201
-43.8532
9.12164
8.52023
7.02282
6.53729
-94.8576
-95.1671
-95.9086
-94.2272
46.8505
32.2631
28.1438
22.3888
-50.4188
-39.4867
77.9586
76.7075
-104.445
-103.981
-78.927
23.4638
39.8678
43.3222
38.2092
-78.518
-84.4699
-88.1388
-63.671
38.0656
-119.273
-109.202
-84.4744
27.6016
31.087
15.748
13.5147
-104.499
-101.638
-102.985
-101.486
13.6411
75.987
-105.176
38.9699
22.7134
-90.0422
-85.2609
90.8726
91.3426
90.1931
90.5997
76.6583
75.9986
75.1772
74.4026
21.7713
79.6279
78.952
18.766
26.5345
19.1054
42.3787
14.5005
13.1183
40.7392
89.3554
89.695
89.1493
11.5103
0.841967
2.37437
5.85366
-11.9626
-13.9576
-16.6826
31.6199
18.0442
17.346
15.8034
-26.4795
-28.3801
-26.063
-27.9544
-30.7821
-5.7431
34.3156
27.7596
28.8364
28.7016
-35.1131
-34.292
-32.9535
-35.8637
-33.6359
26.0307
-12.1297
84.6667
85.9519
83.3725
-23.8886
41.4218
-31.4891
-29.9408
-31.5526
-29.9078
-29.0776
-30.1057
-30.5866
-40.033
-40.822
-39.482
-69.9857
-70.2201
49.9474
-116.978
-119.259
30.9863
27.9249
27.214
26.3491
14.4138
13.2562
35.0499
-96.9311
-96.1526
38.8811
37.1743
51.1556
74.8626
74.4494
74.9432
24.8324
43.966
71.0188
-65.4426
-65.4999
-63.3382
-61.357
39.2125
42.6789
-17.7706
-16.3038
-17.1049
-46.2626
-47.1984
-46.6913
74.7411
42.5213
-99.7356
-99.7544
12.6667
34.5573
36.0227
40.4046
47.8948
-26.897
-28.1805
-15.1587
-18.7586
-15.4752
-21.882
-24.9654
-19.2992
-17.848
-17.8562
-47.9775
-30.0973
40.339
87.9186
-33.2495
-32.9586
-32.7969
76.038
74.6538
85.4661
84.7927
80.6905
57.4146
57.8246
60.9058
52.6577
50.2878
-121.8
-121.92
70.553
72.8925
68.5092
49.0344
75.1507
-99.8239
-108.315
-102.627
-101.398
-97.7574
-103.745
-33.5189
95.6851
-36.3345
39.2618
38.2203
38.8493
38.2485
-36.0268
-37.1292
-34.704
-34.1698
-36.4575
65.5572
49.5745
-70.0704
-70.7786
-84.0522
-91.2878
-92.1403
85.3773
85.9478
85.3252
85.1134
89.1581
87.6108
43.241
-41.2812
-42.7694
-42.5621
-46.3041
-42.7271
-42.2273
-45.4958
-47.966
-48.8953
-46.236
38.2384
41.6386
42.9895
41.973
41.7145
96.3198
39.7765
-95.9549
91.0472
40.8039
-39.5371
-40.1378
-39.4381
-40.3261
-30.7579
-27.8636
-28.7306
-31.1921
-99.6831
-103.347
-101.878
-23.2025
-22.8231
-88.3822
-77.6476
-99.2777
102.431
-46.8167
-110.844
-110.261
-114.25
-111.069
-116.388
-112.099
-26.2299
-26.9571
-24.9215
-107.116
-110.197
-97.0704
19.8466
21.533
-108.931
-111.224
-117.138
-2.05864
-3.99122
73.8765
76.1894
0.282562
1.31301
21.6856
44.7689
39.8024
40.6247
-92.8656
-94.6142
34.5757
41.6564
42.3652
41.9869
41.6345
38.3973
42.2373
40.9203
-105.815
-102.629
-103.897
-108.686
-107.882
76.2726
40.4512
40.3146
31.9774
45.7474
52.6785
76.9033
40.1791
89.0488
89.129
88.7257
27.8969
30.6378
29.6929
-93.673
-94.4877
-105.88
-101.971
-104.78
-107.913
-101.235
13.4525
15.4087
68.7029
71.8396
74.099
76.047
69.1456
-26.4195
75.0855
72.148
38.203
49.3212
29.465
76.9056
105.446
102.956
40.1677
78.0742
75.0597
40.7206
40.6571
40.9096
-107.825
39.2882
-8.07924
-6.48264
-12.1124
-13.542
-10.8584
-14.3089
-16.3879
-15.479
-17.1567
77.195
41.029
-7.92929
-6.74411
-37.5066
-40.1807
-40.1642
-38.3847
-97.5118
-96.8694
-97.8406
-46.6215
-47.6046
-47.0119
58.1608
61.4252
75.3449
-111.771
-115.174
-112.696
104.292
109.691
49.3696
45.5903
-70.0743
-70.0521
-71.5862
37.9005
86.1816
86.2073
86.0351
34.062
17.5677
19.2125
17.6811
74.085
77.6345
80.775
31.9112
34.8249
38.4484
-31.1245
-30.4846
-29.4514
-28.8035
86.1249
-103.453
-103.966
-101.802
-100.956
35.6959
36.9136
3.41765
2.67211
3.99449
-32.006
-32.2368
-31.3517
105.301
-97.2385
-98.8965
-44.8042
36.5898
46.1265
40.0757
44.0411
-56.1279
-54.7966
46.9975
48.2926
50.7019
49.5051
-3.33572
-28.8246
-29.1237
30.9032
22.8765
20.2765
-5.18254
-2.58127
-2.65763
-4.17629
-12.4449
-10.8115
-96.2943
5.77615
5.71138
41.6197
-73.1019
-66.8807
-67.8853
-67.4209
85.596
82.7093
82.2834
81.6156
81.1376
79.5488
95.3457
92.9138
94.3222
88.6835
88.1647
49.4064
77.2116
-88.0172
42
39.0776
13.4363
11.2632
11.1261
100.108
87.9555
88.1659
11.989
-78.207
-78.8219
-80.2226
37.9368
-51.166
-49.664
40.4016
-98.331
-97.7714
21.6104
21.1043
65.3162
63.8394
70.5669
90.3174
86.4518
85.6724
93.9496
0.635216
1.78549
8.52359
63.1668
64.6326
65.5801
62.7986
-7.03073
77.0378
78.3764
-99.7921
-103.851
-100.405
79.5656
78.8212
-102.87
-100.443
-100.398
-101.411
-27.3837
-27.674
-28.0357
93.4303
6.16375
25.6493
20.8846
-49.1746
-50.9769
-48.6233
-47.7311
-80.7898
-85.4549
75.4826
76.9359
75.7259
-84.849
-81.9064
-85.9702
1.31782
30.9343
-57.3323
-64.1067
-71.4515
72.3871
-39.3092
-38.9983
-38.6645
-39.1671
-94.586
-94.2383
-93.8143
-94.9348
-95.2196
58.5666
83.8921
-5.8293
-4.91585
-5.21299
71.0707
-99.2652
-99.992
-100.236
-99.2995
78.1705
92.0637
-55.4393
-54.13
-56.4541
-56.2108
-56.4663
-68.9419
82.506
81.7352
80.8547
42.8784
-57.055
-56.6969
80.2862
83.3938
83.7256
-107.521
76.353
-93.2767
39.9338
-48.4618
-50.2413
-49.6754
-100.467
38.387
-100.182
-101.101
-101.02
-111.347
-111.903
-12.6717
-12.9089
-85.8615
43.2437
15.8533
80.6347
81.5548
12.6034
9.91668
11.2738
79.8431
80.135
80.326
-80.378
-72.2031
38.8783
39.2923
38.4092
37.9842
15.8925
-90.6118
-97.0156
-90.1884
22.5446
21.5914
24.3675
-107.552
-70.9848
-73.1278
-78.0895
-72.6593
19.334
15.2642
26.0176
25.1737
25.1972
46.2212
43.9012
42.6146
40.1631
78.1924
77.7606
77.6501
38.273
35.771
39.6028
35.4222
43.7255
43.5301
-38.0372
-38.3011
98.5868
99.2605
101.316
-43.6764
-44.4012
-44.0646
-128.381
-126.869
1.43445
3.57755
43.1145
-56.5724
-56.284
-57.4157
-56.696
-56.7267
-52.4038
-57.552
-122.335
-121.145
-116.869
-124.646
-122.168
37.2688
76.8664
76.6511
75.8362
75.9928
-95.2268
-96.5911
75.6113
75.6426
-123.192
-121.035
-121.542
-121.91
-123.633
21.35
20.2411
-74.0766
-75.3987
-77.5244
82.8639
85.4319
86.8033
51.6152
91.4194
91.7424
85.7893
86.8104
-120.102
-112.791
-115.163
0.414244
1.57358
1.41334
-33.9561
-36.4971
0.522634
1.13629
-97.3826
16.7084
18.0826
20.2917
-8.67189
-6.44045
-3.51859
38.9693
35.6399
-34.8239
-36.0454
-36.1597
-34.137
37.8708
39.558
-51.5415
-49.1735
-50.8143
-48.1608
-46.3251
-46.9452
40.6653
81.0142
79.2754
79.7911
-63.4051
-59.3659
-62.7312
8.61444
4.2423
-53.26
-54.8267
-27.7965
-24.8483
78.4814
-106.182
-99.9092
2.14611
2.55652
0.530475
-26.885
-26.3925
-25.8539
-27.3839
-25.3679
-24.7061
-65.3598
-118.564
77.5606
77.6019
38.9992
39.6214
36.8022
-50.6978
-50.0758
9.09553
-117.082
-121.885
80.6114
82.0126
82.1379
83.2464
-120.342
-118.846
-120.004
-121.103
-126.863
109.682
-67.3372
42.623
42.2544
-17.9138
-19.1666
-94.5642
-96.3955
56.0271
35.9603
31.5338
31.1517
-93.6023
-106.586
-94.538
76.1296
76.0578
76.7956
75.6924
30.5189
43.2611
-16.4707
-41.006
-42.558
-27.3736
-26.559
-124.991
-127.444
22.3986
16.3122
-65.0776
-62.4638
-60.8379
-64.9388
-63.2479
56.3667
21.0099
103.337
101.372
104.825
20.9838
96.6972
96.843
89.4287
89.1533
90.2257
89.6792
-56.6459
-54.9042
-53.4002
-56.8418
-40.2919
-0.0565059
-1.41275
0.429715
-0.360128
-1.07492
-97.0073
-96.33
-97.1664
77.3664
77.589
22.0082
24.049
-42.8478
-39.949
-43.5783
-78.0253
-85.7323
-69.7075
-59.6794
-2.15828
-2.51035
-3.20734
50.712
46.9901
46.1819
40.8992
43.1924
43.0646
80.9192
80.7305
5.37327
6.49117
5.94216
76.3481
76.7106
86.0744
86.4106
86.5066
73.7903
-29.1188
-26.9189
66.6167
69.1882
-76.7114
-96.9762
-83.1936
78.1015
79.9312
79.5569
-17.3291
-18.8576
-17.454
-19.3077
89.8776
96.7845
-24.6686
-2.20346
-94.7635
-94.7496
-95.6119
-95.8478
79.3827
83.9637
85.3021
82.8441
86.8234
-91.1975
81.327
16.2531
-1.67231
-6.21889
0.166388
-32.7772
-32.1945
-34.6278
-35.4489
-34.0969
41.2061
-35.9916
-35.7864
-37.3411
75.2081
-97.969
-104.711
55.2443
79.0142
77.9043
77.3657
-79.1972
-91.9803
-84.874
73.0971
29.2989
53.0807
58.2236
53.8445
58.0424
-93.7361
-62.2616
-60.0306
57.857
22.8607
76.9455
25.2102
-28.6077
-30.8794
45.3386
22.9447
-106.699
-104.335
24.78
18.6461
23.1809
21.2652
19.6609
39.5506
39.6896
39.5848
67.6361
79.4772
-43.2816
-40.953
-40.4032
19.038
1.46905
-44.5016
-44.8868
-19.3383
-21.8443
-49.0729
-49.4488
-50.9497
-50.4494
-42.1967
-40.9792
-41.5841
-41.2348
-41.1262
-96.7241
-92.3973
-96.0812
-64.9712
-69.4366
27.7668
75.1422
83.2417
83.274
82.6168
84.2721
-7.75121
-6.52781
-10.6848
-12.1725
-10.1415
29.0252
-100.971
-101.276
-105.101
-101.864
-96.5225
-85.6226
31.5509
33.5962
32.2279
-10.549
-93.3075
-88.8206
-91.674
93.6111
91.7433
90.9195
20.837
19.9281
75.2485
-97.4697
17.6013
29.1719
30.9219
60.0649
29.9448
-61.6366
-65.8712
-69.4636
-65.1899
-62.3248
90.108
90.1136
27.0497
30.3869
27.0733
31.7409
79.3036
78.3368
79.6087
-20.5343
-18.0127
-19.0236
-19.6124
-63.4721
-67.9924
8.8061
10.8139
-80.5113
-78.669
-80.2032
37.3528
-0.655106
36.8737
98.4698
107.326
103.085
-112.039
-111.272
18.3324
85.6909
84.2497
104.106
-124.725
99.6204
-93.3562
-11.8314
-12.036
-11.0167
-29.5309
-29.7308
-31.4666
31.4464
31.0704
36.9641
40.264
-116.689
-110.219
-119.77
77.661
95.2992
93.7564
93.6373
94.8065
33.6878
34.0027
32.3143
34.2908
1.08225
36.0236
-125.129
-128.672
-128.03
-123.7
-126.383
12.339
1.78577
18.6064
33.2265
4.7995
76.3745
76.103
77.2352
-98.9766
-98.8864
-100.104
-100.025
43.0811
-89.2833
-91.0389
84.082
-55.5567
24.4987
26.9372
22.2311
24.1365
78.5475
79.7031
76.6974
-45.0597
12.3746
1.40023
-101.14
-43.8404
-39.9227
-41.3918
-39.3581
-41.8208
3.8193
-0.692941
-5.00839
-2.16737
100.103
98.1871
-73.2855
-73.5086
-74.5513
108.652
21.44
22.1474
20.8591
-59.8704
37.8396
37.2178
-93.0653
-94.0862
11.7262
27.0966
80.7131
24.0223
-53.1409
-48.4877
-49.0069
-45.4035
-43.6677
-43.6872
-42.0687
79.7218
80.507
80.8625
71.7802
-46.1377
-47.4605
-45.6477
75.3324
73.9811
74.5206
71.047
0.448499
3.37229
15.9301
-82.1752
-85.9
-82.5896
14.2864
14.8012
-68.1614
-67.6017
-68.2977
-64.9975
46.1571
15.5024
25.5052
-65.0396
5.59895
-65.4298
84.5989
84.0863
4.02696
5.56823
7.59225
84.0331
32.6151
35.1669
29.659
-1.65059
-0.964028
-72.8917
-69.9578
51.593
-68.3581
-72.0274
-68.3429
-68.1926
-68.9728
-69.5004
-108.251
-106.621
92.6014
28.9957
82.9697
82.7845
83.026
82.0004
81.9196
82.5844
83.5637
84.9821
32.6258
-32.6227
96.9117
-38.4823
-41.0289
-90.6708
-107.809
-115.611
-111.267
79.2468
80.5257
-93.3197
-92.4447
-77.2652
-79.3924
-80.3599
-20.6918
-17.8634
-17.8319
-63.2295
-67.2305
-64.3671
-60.6227
-37.8578
-38.4443
-87.1101
-91.0879
-94.5678
108.842
-43.3319
47.111
44.9125
27.1684
-14.2168
-38.7005
-41.674
30.873
32.3788
34.1062
35.4712
38.2075
-29.7588
-13.2626
-12.6409
80.7769
79.5912
-52.7485
-57.5232
26.0606
-44.0848
-42.7676
-60.3941
-60.1437
31.3874
-4.58338
-18.5682
-17.9488
-20.6885
-53.2521
-51.5191
-54.0156
-51.8519
-52.3828
-77.0705
-20.7367
-19.5027
-41.3115
-41.5807
-67.5165
-68.3417
-69.4327
82.538
79.734
37.6703
37.9681
-117.636
-117.549
39.4456
34.6329
33.1637
38.6423
39.0443
39.2267
38.4158
-61.4379
41.6398
-20.0487
-123.223
-122.841
-123.756
-122.846
29.7775
80.8424
30.9482
-128.427
103.337
-125.757
104.612
62.4929
36.3089
32.8947
77.8993
77.7102
34.6716
42.9761
78.0964
77.7719
25.5168
27.1232
-82.9182
-80.7753
-80.7557
78.5065
36.7093
-79.3759
-123.124
-122.257
90.0818
89.8315
90.5753
86.23
87.6017
88.661
-51.3428
-49.6739
-47.5727
89.9629
89.791
89.5592
-2.78881
-2.47155
16.8959
23.7042
79.1582
78.2334
28.3329
26.4212
-59.658
-62.9529
76.9797
76.626
76.3816
71.3589
23.3916
-123.439
-124.444
-123.959
-54.7128
-43.48
-44.3282
-44.035
-120.15
-121.596
-108.694
-108.605
-109.055
-120.36
-58.3784
-59.9099
-23.5359
76.9913
-12.9685
-12.15
-11.6236
-87.196
-82.065
34.2637
57.5009
40.8882
71.5171
79.8351
79.4601
82.4811
3.76146
6.17739
-69.6381
-70.9361
-69.8935
88.2025
53.5197
72.8776
59.55
-21.0259
-19.1888
-18.8621
65.2961
63.1768
66.2688
67.692
39.7283
41.7459
43.6954
88.3437
46.8003
47.3805
50.2055
-94.9796
-60.7007
7.60451
11.964
45.9793
41.6738
39.8069
40.112
40.6175
39.2489
39.638
-21.4815
-57.937
-56.4323
-60.3328
12.3005
-99.327
-98.9876
-100.227
-98.193
-100.162
99.5166
101.388
97.0209
104.888
102.932
74.173
73.8762
-77.2133
-76.5219
-126.029
94.7145
-111.481
-82.231
-82.3011
-68.3598
-70.2639
80.2373
-125.308
-123.481
-0.495788
-1.05627
81.5595
82.569
82.3701
5.78794
-75.8446
-70.2106
-78.5314
-51.3183
-46.7397
-47.2106
-57.9032
-58.376
-60.909
-0.180936
-0.438784
-42.2283
-40.5312
-39.9718
-41.9204
-42.1955
90.5108
93.9261
80.4701
73.3256
73.7401
76.5036
82.8867
94.8787
87.9222
81.9081
80.8183
81.7524
-120.241
-122.392
-122.671
92.0337
106.632
-56.3389
89.9835
88.7204
89.1701
-27.4642
-30.8369
-29.9553
-70.4481
-73.1163
-75.3764
-71.705
-102.195
-103.745
83.6848
-95.6256
-96.8346
-125.149
-124.281
-125.162
-120.662
46.9063
86.185
89.5223
84.4435
-14.5615
-13.26
-11.1378
37.4432
44.3162
89.005
89.832
82.6458
101.554
71.1309
78.1515
-0.220612
72.7116
72.4165
91.3769
87.1764
90.8601
-105.724
12.4296
73.0407
42.6823
41.7034
44.4123
-62.5852
-101.519
88.5122
81.9097
88.218
-125.773
-126.108
108.433
-119.272
103.629
85.6265
81.471
84.5519
81.9395
80.4351
82.0504
82.225
74.3285
-46.1276
-46.8453
-47.6771
-41.4918
-40.8164
-40.1579
-66.0876
-64.3924
-66.2852
-66.9465
80.2118
80.9
79.0041
77.5235
-43.355
74.4031
-30.0967
-33.2702
-30.9596
-36.6892
14.148
27.9608
23.5481
40.1007
-96.6556
-97.8274
-96.7253
-91.0017
-87.0877
0.383419
-111.805
77.9306
78.436
-117.073
-112.64
92.5334
-39.4969
-38.8813
-41.7031
-40.441
93.0963
96.505
96.5603
97.1257
95.1894
95.9878
-1.13152
12.5751
-18.4326
91.6871
74.8566
88.4818
89.3645
89.3898
91.4927
79.0866
77.4191
-43.1821
-42.1013
-43.4089
-67.0114
-81.7969
-84.8158
-121.43
-19.2285
-94.7116
-98.7197
-94.8374
-99.2209
74.3268
74.544
69.6641
-38.6255
-36.1286
-31.3822
68.6566
68.9709
67.9625
69.8184
69.1874
-111.257
-119.606
-114.425
-38.9835
-39.1882
-66.5435
-67.7625
-66.64
-2.77202
-1.136
-1.01467
75.1519
29.8825
37.4125
31.3557
37.2292
87.7228
86.2452
87.1957
-52.5446
99.0186
98.7582
80.6164
-42.2288
-40.5613
-32.6777
-32.6099
-33.3077
-99.2712
99.5625
98.0301
94.8981
100.185
-34.4096
102.389
100.39
104.186
84.2067
76.4727
80.6232
98.7355
-20.3332
-14.876
89.556
89.2831
89.6791
90.2242
89.886
-79.9308
-98.0833
-98.6392
-99.376
85.4828
86.2984
86.1506
91.2714
-129.557
86.9639
2.63639
-46.8137
-48.3712
-44.5421
3.49623
3.75948
78.3595
77.5761
77.3701
71.2136
86.4898
87.0203
75.5216
39.5451
39.2395
30.3341
-99.7678
46.386
75.586
94.3279
101.525
-121.475
-117.559
79.0459
47.2095
79.0145
-101.894
2.33427
2.82729
3.16585
14.1884
22.7389
85.8133
-34.8708
-32.5683
-33.7287
-35.1232
66.4
76.7331
74.8351
-72.4935
-77.7474
-73.846
-101.814
-27.9671
-28.5432
-28.6226
-8.7075
53.8114
-85.3955
-82.2563
-88.3352
-68.3906
-67.2786
107.79
108.326
77.9887
78.6387
78.7254
-47.4889
-48.3128
-46.5863
-36.2616
66.4883
66.3072
-87.8788
-79.9481
-90.5404
-79.5918
82.0531
-105.961
-107.439
79.6231
-72.3928
-72.145
-88.7811
-87.6797
1.80907
-36.7099
-35.3655
-35.7198
-37.8762
-21.6893
-17.8371
-32.0647
-31.983
-30.5857
65.2893
-108.43
34.8367
32.2198
41.9729
25.0303
10.2396
16.6998
64.0999
60.4609
61.1725
92.581
95.538
92.7749
100.289
101.961
102.639
101.711
80.8927
-54.745
-27.7846
-25.6554
-0.962108
-107.489
70.185
67.0341
65.7489
-33.9795
-31.7955
-32.8861
-32.3096
-83.1544
2.65891
-49.411
-49.7797
-51.3648
-21.3334
-43.8481
64.6047
64.3159
61.1121
59.1431
8.3501
4.56405
4.95778
-95.5655
65.0636
62.1011
-109.826
-108.009
-114.086
-112.229
37.7479
22.2633
-14.4967
-14.3539
-16.2026
-22.7701
-21.1741
-20.2005
-88.4803
-88.3802
56.2167
54.9999
-14.5148
-4.59224
13.6879
-97.7667
18.2602
-52.2289
-53.0055
-50.6628
-52.8807
-13.5835
-14.2296
-15.2399
102.643
96.7758
-117.444
-32.0194
-34.3236
61.1377
108.869
90.4863
76.8801
15.3124
-11.7132
-9.44172
-9.70715
-7.51582
-9.16164
-45.0373
-45.4434
-45.4936
-96.0449
-28.2655
-28.2668
-7.54797
-10.086
-9.85207
13.0995
84.994
-118.777
69.2773
43.8029
40.0554
40.1935
38.3477
37.7251
37.3413
-34.7093
-33.2861
-44.435
-45.5763
-39.9155
26.6858
-28.2274
63.1339
85.2073
87.7114
84.199
-51.0713
-52.8475
-128.705
16.8446
-5.43961
-3.47147
87.1177
84.9162
86.8828
88.5154
-42.0027
-42.6318
-40.1063
-42.6617
-59.2662
-57.8441
21.3713
-24.9868
-26.9072
5.48684
-39.6033
-40.2648
87.7323
87.9501
87.7431
-123.618
-6.96753
-10.776
-14.1045
-34.5878
-33.0438
-95.4754
-101.776
-100.565
-13.2155
-8.33635
-18.8644
-60.7925
-3.58721
19.6044
-33.0495
25.3489
-15.5856
-15.9179
-14.2601
-17.8115
34.6703
-9.8169
-24.2753
-20.8696
-13.0107
-11.5809
41.7949
45.3656
-12.7724
-14.0562
46.7487
39.6053
43.1811
36.8148
-29.2223
-28.649
16.426
29.4628
31.349
37.7705
-59.2972
-55.6342
-95.0781
-95.5809
-104.397
-107.63
-104.304
-104.09
82.3332
80.9623
81.3086
83.0628
-46.1503
-44.9214
-102.507
30.811
61.6866
62.0944
-90.5752
-89.2084
-90.405
-41.5173
-38.881
-39.9679
-42.9495
-94.0176
33.2935
-77.0806
-44.3166
-44.9513
-76.9001
-71.7615
-17.2661
-11.8631
-13.8073
96.6341
94.8876
95.7844
39.9216
39.9522
40.0176
-40.2912
-39.3973
87.9877
-33.1729
96.6061
66.6962
66.7985
-39.7576
89.2685
-18.1211
-21.1229
-55.6354
-53.2348
-54.8233
-56.321
78.0459
-52.4221
-53.3074
-54.7377
-54.0978
-110.652
-111.514
79.2612
-57.4297
-107.973
-106.038
78.6891
-91.7076
87.788
21.7975
-41.6821
-42.4685
-41.7011
86.1975
84.6294
-47.8511
-51.1521
-48.4037
-34.4225
-34.61
-33.7912
79.8654
25.9468
40.8552
-53.9093
79.3164
79.5656
79.3596
77.4703
79.2497
85.8498
-49.0077
-48.8873
1.26991
0.690854
16.9778
-99.6541
-11.8537
103.026
107.945
98.8112
95.8268
97.7592
4.49112
77.628
76.074
78.4646
98.6454
91.0896
-11.1812
-104.049
18.8797
-118.497
-119.703
-119.136
88.334
88.5323
-2.50834
-35.5979
-34.0921
14.6094
-23.5656
-95.5997
-93.7287
-93.999
-95.7326
-43.5268
-4.48986
-4.71987
-2.84069
-6.00296
0.219544
-104.629
-87.8015
-88.5649
-95.2648
-96.7953
-123.354
-120.098
-123.314
-114.701
-114.981
-115.079
-96.5188
-96.6357
-95.5654
2.98203
1.95431
34.5033
35.6414
-118.642
-114.646
-95.0698
-112.531
-102.827
-116.466
92.956
-106.956
-105.784
104.127
109.86
-129.15
-56.5772
-56.5772
-55.7136
-55.7428
-99.3657
105.489
-118.459
-117.327
44.0949
-100.559
-108.012
99.9701
97.7279
4.39264
4.4906
-33.8533
-32.6104
-33.7795
13.5523
5.07109
97.9962
79.574
81.4343
79.1665
5.0829
4.41712
13.3126
-1.03437
16.1833
9.46768
-30.1063
-34.6606
101.479
102.473
103.704
102.153
91.4059
78.0676
81.1842
74.0949
82.9793
82.1327
82.8268
77.22
78.2164
83.7298
87.3691
87.7518
-52.7471
-57.9028
90.3844
80.4153
83.0112
-122.972
-124.163
103.432
4.26112
3.41833
3.15221
-85.8434
-104.165
87.5161
86.3688
86.2603
-39.1511
-38.8631
-91.8822
-108.437
22.8313
-47.5213
25.6995
-97.5241
-96.5296
88.7297
102.889
83.3767
83.7363
-123.802
-123.337
-98.5459
64.8094
77.5349
69.847
71.8629
-44.0604
-43.0723
38.6615
32.6418
54.9452
39.7532
81.4889
84.2302
82.7494
84.0573
83.7657
-75.3437
-69.4647
42.1241
41.7882
1.65799
3.36499
79.8445
-23.3892
-24.1441
-9.26726
11.602
-34.8422
-81.4624
-79.9391
-95.6952
-96.8007
-95.9247
-97.0613
-95.8442
84.0716
-34.8308
3.36079
2.34932
-95.904
-90.7402
-64.9961
-67.088
78.7821
80.4655
79.742
-43.3083
-127.181
-123.719
-66.9504
-73.0243
-97.8205
-98.9596
-105.255
-87.4137
-65.6732
-12.6185
-59.7655
-58.0567
-57.8768
-57.9933
80.8442
82.1759
-30.2775
-26.3456
-24.962
-30.5491
-97.8487
40.6516
-97.9541
-24.3386
90.7308
-58.8936
36.4068
86.0998
87.7037
87.0041
85.9877
85.4177
-24.9733
-22.5879
-18.1134
-16.2979
-23.3787
-28.018
-32.7278
78.4932
81.3027
-63.1568
-63.5001
-65.2038
-22.1329
-20.9056
21.7536
23.9026
18.1598
83.3625
85.9861
89.1454
84.9827
83.5297
88.3712
-106.711
-97.734
-98.4696
-50.4953
-54.0695
-52.1458
3.93786
-18.5624
-15.1776
-15.9737
-14.3069
-104.266
-102.937
86.5024
84.9142
83.2879
82.3929
82.571
18.4157
-44.7447
-45.5141
-57.2265
-52.8561
-59.1209
-50.1439
80.2309
62.2275
62.2824
90.2323
-92.8042
-92.177
98.1123
94.3885
-33.392
-33.255
45.4346
46.5101
-62.2684
-65.3973
92.3746
88.2367
87.9666
88.3429
88.3004
86.7442
86.7227
86.5116
86.3392
-66.8113
92.4278
87.4317
87.8504
87.0234
87.5561
-33.0983
-33.759
-34.9212
86.7935
87.3175
85.9477
-33.2257
-32.4293
39.4687
39.9669
87.6166
87.8945
87.3098
91.3242
90.2505
88.2284
88.2462
87.9871
33.6119
32.428
27.4352
88.4694
88.7009
40.8249
39.9448
40.6244
35.4256
-59.5148
88.875
-15.0339
-45.8768
-47.6933
-46.8472
87.2879
89.3901
-48.0865
-46.0989
-45.1563
88.4374
-36.8041
-35.8679
-35.7152
-37.5424
85.023
81.6303
84.5677
75.68
97.3621
83.3832
82.9802
-1.85197
-0.575849
1.60157
2.0821
89.7484
-56.2604
-92.9059
3.85863
4.12916
89.9744
-47.1858
-46.4095
-47.9275
-48.221
-48.2992
14.4034
-105.51
88.6145
98.1312
90.7282
90.4013
98.9357
98.9908
97.1226
99.0243
100.806
95.0351
100.592
97.4621
97.148
93.6577
91.8119
85.7562
84.7023
88.1179
-87.1699
-123.16
19.4791
-79.3481
-80.2692
-77.3672
92.5926
-15.3059
-10.2096
-33.2311
-30.945
98.4771
-42.9373
-41.0897
-127.773
-124.646
99.7283
101.822
-56.678
94.4642
-57.736
-56.9486
-49.836
-50.1871
-47.9125
-52.5348
101.41
-119.854
-4.99568
-3.59411
-3.4273
-2.00126
4.03974
2.08487
4.6338
-27.7291
-52.7913
-122.846
90.8217
-40.7199
101.533
-5.165
-40.3473
-37.8943
-104.802
103.322
106.408
29.0968
24.7574
18.8774
-85.9738
-86.6252
97.8161
-20.7844
103.735
77.487
77.668
-99.2446
-99.8335
86.2011
-70.4156
-69.0621
-72.2243
-99.9988
105.595
102.855
-72.93
102.904
101.538
-87.875
-93.9367
39.7313
40.4104
39.9378
-112.768
-109.128
26.6817
66.6067
89.379
83.9778
56.4889
83.9841
88.3727
1.92304
-1.56093
-0.160024
1.63289
-98.5295
-77.6763
-100.001
-71.5801
97.4565
94.8251
-71.9387
81.4288
-122.672
83.6221
83.2186
84.1507
81.5383
81.0785
-32.7889
-66.7195
4.07485
-54.3647
-110.039
-128.153
-101.769
-30.6701
89.6257
-56.8659
-108.62
-44.9109
-42.5224
-94.8588
86.2481
86.3675
-39.1167
-40.6612
-41.7733
-37.6446
38.0453
-44.2412
-42.0774
-42.4051
-44.205
-47.0253
-43.7676
-48.0489
-65.7227
35.763
-33.949
25.1242
20.8306
18.3462
-37.0329
-1.03812
-2.49631
-68.2384
82.3538
-86.324
-81.3902
10.1047
31.2172
-66.2781
-65.6616
-68.0913
97.5267
3.64189
3.12809
81.3928
-25.0358
-26.6986
-2.09216
-0.51435
-4.44612
-1.93873
-84.6492
4.36665
51.8711
57.2145
-62.1581
2.40327
-19.4237
-16.9127
-125.896
-124.661
-1.05975
-0.497965
-56.179
-52.9589
0.0829828
-0.344488
3.53856
-22.9531
-20.4793
-21.4674
-90.9285
-92.78
-89.2401
-107.187
-105.099
4.79683
6.84286
4.70276
-113.288
-114.186
-111.21
-105.731
3.89264
99.3191
96.7731
-109.11
-105.717
-113.578
-115.763
-38.1807
-37.4913
108.533
-124.8
-11.2115
103.701
102.996
30.782
-37.4914
-35.868
-38.9585
-39.9196
-129.246
-114.104
-85.9877
-114.363
-110.384
-115.01
-110.412
-23.696
-20.9844
-24.0487
3.08909
-91.8289
-68.5914
-11.131
77.6227
75.6945
-69.575
-70.2493
-69.3649
-122.367
41.9022
-100.205
-116.151
-124.396
-125.418
-100.854
-121.699
-52.1135
-38.232
-67.2018
0.0600777
-0.0609964
-57.2645
-116.096
-29.0129
-33.3802
-26.7884
-27.1078
-44.7462
-38.5228
-127.926
93.6551
-58.3784
-56.7224
84.4637
83.0413
-8.30478
-83.1762
-55.6033
-120.2
-105.334
-101.647
-110.786
-105.423
-101.866
-38.4679
-34.5733
-32.5572
-33.7893
79.1663
41.2879
41.1509
-46.109
-46.1439
-45.9995
-55.2334
-57.1623
-74.8279
-98.5408
-85.9668
-95.7181
-17.6895
-78.8125
-16.5047
-13.4595
-57.8284
-58.5348
100.714
-38.908
-38.5272
45.103
-23.5176
-15.9602
0.0790764
-128.031
108.315
-22.5841
-23.7923
-20.7593
0.35179
-1.24304
95.1513
-57.6898
-89.8474
100.277
83.9915
-110.48
-47.5894
-2.19637
-12.2923
-5.40881
-2.99115
-15.3041
0.369637
0.0224832
82.3614
-38.8287
-37.4532
-37.0311
-11.787
-17.4852
-8.05049
-16.7744
-11.1521
-51.9913
-0.968178
-32.5137
-24.2106
-22.8136
-22.7904
-50.0503
-49.6152
-49.4403
-94.6673
41.6103
-24.629
-58.3275
-37.1528
-36.3378
-51.2358
-47.9424
-47.4679
-23.7919
-41.2885
-42.4627
-51.1359
0.548247
-15.7183
-27.3221
-43.552
-42.5577
-104.305
-45.3971
-45.0679
79.6512
-8.91223
-13.941
-14.4371
-11.4614
-86.7119
-56.9872
-13.1226
-11.4366
-10.2043
-7.4591
-15.9183
-15.3329
-8.15437
-28.9054
-8.36811
-3.49561
-47.4718
-49.1526
-43.7717
-35.8535
41.5491
41.9187
41.4892
-16.4257
40.6194
-9.44074
-14.0083
-12.8307
-13.2363
-15.1581
-12.1806
-16.0117
-16.8873
-16.2393
7.73242
6.64344
7.81271
6.75658
-93.1619
0.942039
-10.5619
-9.12843
-13.4102
29.8186
30.3409
30.2319
-62.8852
-30.3286
-29.4954
-27.1234
-27.9579
32.6048
-18.4928
-15.782
-17.5697
-16.855
-26.8467
-28.9656
-18.5207
-59.8439
-65.4041
79.4189
-19.3265
-49.1801
9.41236
78.6297
107.208
106.681
-129.243
-45.524
-14.9221
-31.182
-27.007
-38.9439
-47.1539
-39.6548
-43.2908
-45.8783
-38.965
-29.0499
-52.9892
-58.3029
-57.2069
-37.8228
-33.5965
-41.6986
-38.4001
-36.0875
-74.6847
-75.3547
37.4162
38.4829
-54.2322
-54.7816
-53.2737
-45.7974
-43.6575
-34.2478
-43.7468
-19.1774
-17.3621
-44.7621
-56.5244
-43.4448
-36.0556
84.4699
83.6627
-109.397
-84.443
-40.7466
41.1295
41.2556
-33.9454
-49.2618
-26.5888
-24.0993
-24.5715
-26.1197
-44.2838
-48.8489
-43.1081
-42.6399
78.2688
78.6969
-95.2127
-46.7403
-53.8589
-50.5489
77.2604
-62.9116
-112.532
-54.2323
-57.0555
-60.9346
-78.6305
68.0133
62.4787
64.2921
99.8055
98.0118
89.4905
-79.8667
-81.8017
82.9014
81.6067
81.2639
-63.3228
-62.4576
-88.4392
-76.0413
-98.7808
48.3474
44.8034
40.5339
-87.0344
-53.2629
-47.9567
-21.6659
-39.0143
-90.046
94.6118
-100.209
-100.903
101.746
91.8887
41.4911
40.9808
95.9044
-128.086
-95.7945
-94.6875
75.8533
75.5281
-23.1909
-43.8404
-82.2026
-83.2547
14.0588
-67.0748
-66.4179
-65.2742
32.5462
33.6507
-40.9358
-43.5021
-42.2064
-40.6911
97.9907
-2.90224
-43.0803
-128.446
-126.285
-125.144
-122.512
106.65
-71.2392
-42.1699
-41.4231
-41.3843
-42.0373
13.2591
11.327
0.410006
-33.3175
-24.5819
76.7942
79.4205
-54.9536
-25.3497
-24.3514
-27.0383
104.12
104.967
96.6126
-27.8912
-39.5565
-39.1363
-38.7522
-39.4507
-42.131
-30.1264
100.102
99.8885
-30.2436
-36.0458
-34.0623
-38.317
-25.995
-38.4521
40.2171
-35.8657
-110.442
23.5289
-37.8816
-78.0443
-38.8853
-37.3888
-37.8543
-50.5988
-47.2002
-51.3844
-54.5168
-46.2808
-44.268
-110.845
-113.602
-112.204
-42.486
-43.0616
-40.6044
54.8866
57.8307
60.0677
-54.6256
-38.6355
26.2722
-41.0358
-40.3741
-39.6246
-43.1584
-43.2108
-42.4379
64.2105
76.0105
75.9709
75.8071
-40.9735
-34.552
-37.5245
-38.1364
-38.3253
-36.9734
-38.2079
40.7994
-31.9362
-117.011
-116.493
-83.0783
-16.295
-13.2145
-14.4657
-19.7238
44.1614
-25.0592
-26.4096
86.0859
86.9645
4.99107
-37.7793
-38.6564
-38.0653
-54.6388
-42.0183
79.0543
-41.8864
83.7415
-44.7798
-23.6988
-24.2561
-41.22
-41.3348
-37.5523
-58.7372
-43.8063
-46.5603
-41.0306
-39.9091
-85.9232
-83.1229
-23.3259
100.497
44.1635
-69
-112.415
31.4824
88.8924
-33.7976
-31.1031
-31.2676
-18.8039
-117.151
85.5566
4.54991
-45.9571
2.12705
3.04947
-118.95
84.911
-55.1988
-58.0735
-123.892
-42.5328
1.69386
1.39848
-96.4015
-125.944
-126.718
-126.919
43.7254
-36.2595
46.573
45.5921
44.8313
44.2483
44.5232
-56.7238
-52.1821
37.6428
15.477
-71.5393
-81.1574
-86.2631
94.3363
91.4376
-0.213654
13.3241
11.545
-120.936
-125.697
60.2528
41.2319
40.5604
-44.9375
39.2574
-126.019
38.975
-39.2809
39.4425
38.7056
38.5495
39.7572
39.313
-92.5911
-99.8871
-98.7061
39.781
39.5595
-75.7436
-76.0603
-76.6789
-33.2074
-36.0118
-71.9561
-74.9689
-127.586
109.792
109.364
-0.899866
23.7542
-122.711
-13.304
-121.266
-97.7409
84.3241
85.4824
-103.386
80.8758
86.0962
-55.8798
3.1164
85.8767
79.0124
80.4125
79.6364
-70.5892
-36.1931
-129.056
101.06
-119.637
81.3735
80.4333
107.096
-89.0411
101.097
-85.159
-119.821
76.0312
-75.8373
-77.5308
79.8339
80.8317
-69.3056
-73.7222
-74.0225
-66.8071
-13.572
-8.03532
-4.83223
5.31941
79.1751
89.0119
-72.467
-34.7043
85.0428
-33.9936
-33.1907
-32.9882
-33.1412
79.3577
81.0605
81.1365
-69.1046
77.6251
-123.047
76.1714
-18.7479
-39.5425
-57.8944
-26.2212
-18.539
-77.4291
-22.2759
-20.2046
-63.7679
-45.8669
-45.8265
-47.4872
63.2285
-117.552
76.6477
77.5113
78.6827
75.8802
76.0873
-74.9603
-72.7761
75.3398
75.9991
74.4391
-112.262
-43.4183
-43.5776
80.9614
-48.3142
-48.3786
-48.9259
-47.7741
78.5139
78.5644
-40.5003
-40.2453
-92.5283
83.3179
-128.454
-129.63
83.2284
80.4141
85.688
-32.0588
87.1548
87.4348
-39.9872
81.5132
82.8138
-99.607
86.6112
-41.7048
78.3865
-57.66
78.3173
-33.6926
-33.3041
101.12
102.991
103.771
-34.9545
-35.2756
-96.0256
-96.9056
-119.746
3.31386
-31.6333
-56.4238
-53.2677
-60.4921
-59.3501
12.5019
16.498
-26.9341
-46.4965
-59.6094
-108.062
-39.5225
-39.5468
-102.667
-82.7863
-39.971
-53.0375
-55.6785
-85.5962
-83.7779
-95.234
-68.5424
-34.697
-33.692
-53.0288
-43.0402
-50.1711
-115.705
-109.802
-124.42
-114.981
99.7688
-31.8085
-80.0547
-70.1677
-69.638
-32.6649
-60.6892
-107.057
-35.7358
-47.9819
-68.5644
-39.1225
-39.0823
-57.8364
20.6376
24.0643
36.055
30.2029
-34.4178
-36.1224
-36.4285
-72.095
-127.006
-45.5734
-25.6373
-65.3583
-65.2511
39.3936
-32.596
-40.4936
-37.7236
-21.4894
-38.3026
-36.7705
-40.0326
-8.06487
-42.6112
-41.1252
-43.7679
-39.2114
-36.3471
-39.7702
-38.2964
-11.2437
-11.0539
-29.4165
-31.1383
-28.8873
-49.3399
-46.6877
-57.7784
-51.9833
-54.7152
-56.6988
-40.4063
-57.2806
-56.8408
-73.9277
-44.0154
-45.8031
-31.6045
-31.9362
-72.8152
21.0532
-63.2425
-120.128
-72.278
-69.5254
-71.3801
-51.9844
-82.2442
-39.705
44.2658
42.6674
-37.1272
106.006
-128.482
-119.129
-39.0235
-38.8707
20.5571
22.3314
-37.6675
-36.7175
-33.1894
-40.1299
-66.6782
-76.5268
-75.3948
-78.5355
-87.066
-84.5332
-40.0457
-44.1317
-43.2127
-45.3732
-44.9342
-53.8728
-52.3777
-42.6669
-41.698
-38.2623
-37.8724
-36.3756
-33.7506
-34.4638
-36.223
-38.7806
-38.1953
-33.9264
-38.1391
-36.3615
3.67134
2.08142
-88.3092
-51.7011
-50.0453
-49.6765
-51.1371
12.9815
41.6219
27.7358
32.2968
36.7503
