16.3601
13.7798
13.9044
16.2181
14.1164
-28.1636
-27.9035
-32.1379
-32.1358
-19.0104
-18.3857
-29.226
-25.0152
-14.2169
-12.3379
-9.75651
-9.20757
11.9155
9.93615
9.30994
5.25631
1.66867
3.02421
8.5493
6.9923
7.56922
4.71475
8.68011
8.42566
-39.2614
-39.831
-40.133
-41.1471
-44.5097
-45.331
-46.7239
-28.8386
-30.0748
-27.9151
-12.7211
-16.3422
-16.0679
18.0651
18.3765
18.1107
17.2768
17.2041
-82.9959
-83.8805
-83.2849
-82.9528
-12.6199
-9.26205
-13.407
-9.70895
-14.2284
-14.8268
-14.5093
28.9664
28.8695
28.8801
27.3308
27.0493
26.679
-34.0433
-31.7839
-33.8884
-32.1044
-35.0441
-34.4134
-35.9027
-14.1026
-13.1679
-14.6824
-51.0544
-52.4634
-49.6854
-54.5559
-21.2883
-23.7752
-27.4336
-28.4229
-46.0434
-46.8783
-46.9292
-48.1189
-22.3552
-24.5082
-24.4813
-21.8897
-20.818
-22.1709
-21.4431
-24.1094
-19.2891
-3.10813
-4.23923
-3.90559
-44.3455
-41.6425
-45.6274
-44.7447
-4.10232
-5.64826
-5.81496
-2.53198
-3.70835
-26.1982
-27.6594
-27.1686
-25.9298
-20.6014
-18.9525
-22.5402
-20.7428
0.944365
0.436736
-0.629285
1.53901
-50.156
-48.811
-51.8059
-51.277
19.4261
14.71
18.2685
9.45033
9.38684
9.54806
9.6791
-3.11579
-4.32018
-15.2581
-17.0105
-17.7832
-16.1176
-18.6777
-84.0875
-83.498
-3.2827
-6.70222
-7.29742
26.1975
24.7399
25.0145
23.9406
-12.0307
-10.5251
-6.24736
-7.00431
-4.87864
-36.0774
-37.3801
-36.8159
10.0147
11.0524
9.98591
10.8213
-30.3403
-29.8351
-3.11311
-8.00488
-9.81981
-2.66275
15.5337
15.5706
15.5391
15.5407
-10.2666
-14.5895
-9.77114
-13.015
-10.3608
9.14494
9.75062
-39.0303
-40.0497
-44.9307
-47.2406
-49.068
-45.6942
-22.6027
-22.5999
-22.6139
-37.7823
-36.0538
-36.9112
-35.2197
-16.7339
-16.129
-16.3692
-5.48116
-4.08971
-4.46476
-58.5024
-56.1042
-56.5405
-57.1492
-27.0562
-32.6624
-30.8623
-16.2116
-14.5297
-11.1612
15.1219
17.1483
11.5654
13.8428
8.95355
9.64329
9.10012
9.6826
8.23052
-33.7019
-32.2317
-3.26522
-0.891783
0.454602
-1.92654
-18.9487
-19.0693
-22.2447
5.9909
4.40069
3.69544
11.4682
11.3798
-16.3957
-19.4714
-15.9608
-14.639
-22.6008
-22.6155
-22.598
0.801169
3.33107
-0.480125
-48.7807
-49.8648
-51.0179
-51.6577
11.7441
11.5563
10.8335
-49.3053
-49.6241
-54.7154
-52.0688
-56.9818
15.5821
9.36545
-12.9476
-14.2848
-15.2239
-31.731
-27.6373
-30.9535
-30.1817
-30.464
12.44
12.9752
13.2337
12.7693
9.28732
9.287
9.28694
9.28627
-10.3926
-10.4346
-49.769
-47.2759
-7.83066
-8.47952
-6.02581
8.22193
8.55088
7.87875
8.4046
7.98993
-17.3982
-18.7119
-1.66161
0.0674595
32.6405
32.6947
32.807
-52.2745
-51.9884
-49.7185
-27.5478
-27.9697
-29.0632
-28.7466
18.0471
18.1791
17.8909
28.8732
29.3828
-33.0435
-21.4966
-21.4438
-22.5415
-22.4123
-22.588
-22.573
-20.9014
-45.3351
-46.3178
-44.1854
9.19261
9.14029
9.08065
9.2195
-48.3766
-51.2247
4.90437
5.03428
4.58372
2.65972
2.67602
1.33667
17.9562
17.2207
-3.53006
-0.787998
-3.17273
9.52106
10.5972
9.6104
10.4529
-33.5257
-33.1081
-30.3952
-28.1662
-29.6577
-29.0388
-28.0264
-22.6001
-22.5896
-18.1452
-21.2658
10.7342
10.7053
11.222
10.4657
-46.9806
13.0731
13.6561
13.9754
-20.5589
-21.7861
-16.7301
-13.0338
-9.54725
-11.3423
-9.37589
2.7621
8.2172
-16.9843
-18.5117
-16.6632
8.46173
4.99944
6.45992
9.1327
-10.7674
-10.7882
-12.7653
18.7313
20.6203
20.807
-1.1313
-3.5754
-3.3821
-0.638147
13.2187
11.1461
13.8268
10.7893
15.6878
16.8446
-10.6335
-8.62807
-10.701
-7.16004
-8.39104
24.0539
22.7945
22.1335
24.3361
-48.9565
-42.8776
-40.381
-41.6824
-42.5462
12.1715
13.7246
12.3961
-11.4976
-12.5791
-12.8218
20.0367
23.093
18.2022
24.4891
-7.20928
-4.12618
-6.15274
-8.86359
-8.54347
-14.6701
-7.39016
21.5352
22.3376
22.3128
21.2343
23.2759
9.06569
7.76979
9.21633
8.66526
6.81399
-5.47201
21.861
23.6623
25.3746
-45.3675
-45.3144
-46.6789
-44.3357
-43.8112
3.72969
4.53231
3.80208
4.49186
17.6165
13.7682
16.1649
-22.3433
-21.3557
-22.3997
-21.4136
-11.7706
-11.8524
-16.4677
-15.1106
23.7574
-6.78391
-8.87937
-6.0281
20.6166
18.4688
22.0151
22.7727
21.9136
22.9457
-1.58116
-1.46601
-5.37968
23.0266
23.6571
23.3489
23.1081
10.0324
9.99142
9.97082
-17.3825
-17.4591
-20.3012
-15.1743
-13.4231
8.04461
8.96429
-22.5995
-21.7578
-19.7038
-48.1845
-47.4384
-49.4826
-55.718
-57.2757
-56.5111
13.5856
12.4804
-5.98531
-11.182
-30.9428
-30.3234
-1.18919
-0.261323
-12.9705
-15.9825
-15.1989
-31.7392
-33.5319
-33.9731
-47.8404
-50.4831
-52.5371
8.24517
5.21772
7.80988
-32.4211
-13.5217
-15.8485
6.4956
-10.622
-8.26837
-12.561
-12.6326
3.57226
3.25069
-21.189
-33.5746
-37.384
-36.037
-35.9596
28.3435
22.5886
27.8344
22.4887
6.42761
5.5886
3.35719
-17.5227
-4.41547
-3.95832
-3.99781
7.63076
8.79061
8.37175
7.82855
-29.3172
-28.32
-27.783
-28.5049
-30.7971
-29.8754
-13.4466
-14.7639
-14.4666
-16.8105
18.5812
18.893
-16.2694
-16.0451
-16.9087
-17.2526
26.6177
26.0874
28.2387
25.1071
0.0176944
5.81097
0.331869
11.999
13.3869
-1.3144
-1.69093
-4.21776
-4.00657
-1.13285
-9.46973
-12.9756
15.4742
15.4667
15.4384
15.4077
7.13007
4.95953
11.7274
9.4398
8.098
18.9891
17.5316
7.60347
4.77198
2.99794
-0.599695
0.890358
3.02323
3.91696
-11.2978
-9.87283
-12.3064
-8.80369
22.2884
22.1091
19.2632
4.16237
0.886874
5.45024
0.962997
-29.1908
-29.1041
-29.5915
9.28618
9.28321
9.28375
9.28587
-15.6847
-15.2809
-13.6094
6.59656
6.86082
5.932
5.01447
5.703
-1.25902
1.06428
-0.953944
0.688521
0.878604
2.35082
-2.82599
-2.84548
3.8527
-14.1075
-15.4637
-14.2118
-12.8413
4.53081
5.14744
4.87373
4.54072
18.1494
20.2751
-16.0898
-15.0087
-14.8234
-20.1703
20.5479
9.73373
10.0825
9.16021
-30.1093
-29.1419
-30.174
-29.3337
-2.40253
-2.92221
-2.90442
-4.19321
-4.91773
-5.05074
-4.46315
-2.83429
-6.79563
-6.67155
-6.9727
5.79295
2.20258
2.45527
5.23519
-14.4081
-15.282
-23.3248
-24.7481
-20.0378
-24.5402
-25.276
17.136
2.84324
-12.6982
-7.62542
-9.59886
-10.3043
-1.10888
0.371141
-4.27651
5.34219
-5.66064
-6.58507
-8.38833
-8.20446
-8.20909
23.1737
24.0218
24.5697
26.2199
13.7575
11.9044
16.9114
10.5352
9.2636
9.2712
9.25166
-53.3021
-52.6957
-54.8974
-51.3904
-51.1026
21.8367
-52.6377
-54.7347
-51.7161
-53.3108
-56.3204
9.28994
9.29236
9.28258
9.28606
-55.2307
-57.9238
-56.8757
-10.1872
-7.43173
-9.31338
-8.05912
-7.45189
11.1086
11.5057
10.5492
11.963
-5.98515
-0.540697
-13.165
-14.6992
26.7714
15.3786
15.4164
15.6852
-3.03959
14.0972
14.5595
11.0244
-6.82779
15.5033
15.5097
15.4998
-4.32677
-24.8603
10.8395
-3.54798
-24.2612
-25.0905
-24.7508
-5.04198
2.57796
1.63962
-31.4835
-30.8574
-34.6542
-31.1718
-36.5814
15.5267
15.5814
15.6511
-36.0945
-38.4111
-38.0156
-1.54583
-28.6352
-27.7431
-29.365
-13.8618
-13.7965
-15.89
1.50156
2.07081
2.04345
13.4562
11.7444
11.6197
11.354
10.4625
10.9174
-15.6396
9.62013
8.02062
7.59728
9.21581
9.10603
7.19232
6.25205
6.56527
-14.3783
15.5146
15.4717
15.4893
-43.315
-2.49795
-9.08384
-8.88613
7.2104
6.36508
7.91903
-40.2379
-40.2038
-42.5683
-43.2121
-0.530142
0.599548
-0.854981
-39.0576
-38.4506
-25.2804
-26.6862
-21.9898
-14.4885
-14.4603
-16.4483
-48.2352
-47.1843
-45.7713
9.27665
9.27221
9.28528
3.36681
4.68554
2.98677
3.84992
8.66376
8.1666
15.7739
17.434
-41.4377
-42.2031
-42.4275
32.5725
32.7989
31.8317
33.8098
-56.2522
-58.4438
-53.4646
-55.4412
-50.8424
-43.1894
-47.3744
-42.54
-7.40908
15.8007
15.5597
15.9724
-17.901
-16.472
-15.6805
-18.9084
-20.7572
-2.30975
-0.432333
0.207393
-16.9575
-17.5003
-17.6078
-16.8229
-18.6333
-19.827
-20.483
-23.276
-21.7203
-9.139
14.66
-0.0277894
1.22345
0.681509
0.465208
-5.96342
12.9034
13.3984
13.7564
16.4922
16.7574
15.6813
15.9376
32.6834
32.6808
32.677
20.0728
18.1799
19.4206
15.1388
13.3078
14.139
14.6877
12.9423
18.6431
20.3317
17.2869
15.8809
24.0047
23.8973
24.425
22.2163
22.831
21.2415
9.70823
9.75657
9.22882
9.40463
32.1976
33.5333
32.1435
32.118
6.46884
7.70967
6.43985
7.93748
18.5165
19.7647
16.3786
18.509
18.0444
16.9198
-7.29758
-7.95887
14.6891
12.9728
12.9634
13.5936
13.4714
13.9635
15.7617
14.9609
15.4758
-13.1551
-11.1829
-9.36463
-11.2049
9.28772
9.28771
9.28773
9.28774
9.28777
-8.19777
-10.7846
-10.2198
-7.21631
22.1582
7.47294
7.36102
8.1027
15.4709
15.5081
15.499
15.4511
13.918
14.2735
14.0423
-19.862
-20.9125
-18.1534
-19.2435
-19.2646
-19.7594
-19.1813
8.22181
7.3879
8.70065
-6.62289
-14.5458
-15.009
-12.9454
-7.78295
-4.80099
-4.35406
-5.7089
-11.2651
-2.32387
-1.88104
-0.846798
-1.94233
3.38864
-10.9877
-9.95216
-12.9581
6.11042
5.39189
5.34573
6.23931
7.0398
3.95477
6.66818
-31.8713
-28.8321
5.1834
4.87465
4.49749
-3.16586
-4.95717
-7.34156
-2.2056
-49.8606
-52.7502
-53.3904
-45.8864
-16.5473
-23.0657
3.90446
4.90482
4.27203
16.6103
20.3083
-2.37019
-3.5972
-2.42743
-13.0583
-11.4201
5.46407
5.48512
6.39823
-34.3297
-33.4681
-35.9324
-35.9682
-11.8552
-16.8662
-12.0264
-8.56975
-34.803
9.28773
9.28773
9.28773
16.0927
9.9694
9.96588
9.90267
9.88675
17.131
16.8593
16.5608
15.9489
21.4053
21.3489
21.3109
21.784
14.1203
13.8075
12.8946
12.8367
-7.41447
-9.66725
18.8483
18.8241
17.3538
17.3051
-0.431525
-19.3143
-22.4862
-17.4503
-20.6597
-22.1862
-21.6297
-21.8011
-21.556
-23.9806
-25.0666
-26.1216
-24.9094
-48.4889
-48.5592
-46.7173
-29.1718
-15.2297
-17.9376
-24.7742
-24.7061
-24.8609
-24.9769
-25.3466
23.6227
22.8632
23.6615
22.9698
-5.70665
11.2236
10.3793
10.477
11.7021
10.761
-8.87943
8.82196
8.63926
8.39497
8.9688
-32.0366
-34.2339
-30.0034
-31.0703
24.0058
24.5767
25.2571
23.8746
24.0499
23.4792
23.1768
24.3982
-24.7814
-50.6806
-53.7337
15.4637
29.9557
29.6189
29.7959
-19.2611
-18.4968
-20.4942
-14.5068
9.99277
12.6585
10.6851
11.7271
-5.64777
-7.38321
-4.75732
-1.14011
-0.390592
-12.1807
-11.9717
-2.41952
-2.63771
-2.80508
-2.03613
-1.1931
1.88616
0.0701216
2.63638
32.6838
32.6744
32.6885
32.6922
-81.7059
-81.2999
-82.0026
-2.90123
-6.56306
-6.37855
-4.36808
-4.55317
-5.23824
-3.78058
-8.91267
-7.1621
-30.3463
-33.0366
-7.99916
-12.6738
-9.54702
-9.96566
11.0525
10.5303
11.6148
11.9351
7.14425
7.51567
6.99705
-9.83847
-17.4441
-12.2201
-14.7313
-13.4394
-15.9664
22.0874
-43.7773
-44.6344
-46.061
-41.3472
-50.5506
-13.0462
-12.9745
-14.4406
9.30092
9.29224
9.29763
9.29224
1.53069
1.66243
15.2255
15.3749
15.3091
15.6184
15.7227
15.5511
-23.7272
-28.8475
-29.8993
-29.3881
-29.2177
9.28774
9.28774
9.28774
9.28774
-48.4287
-51.4119
-48.257
-35.3463
-38.701
-38.2266
-37.1903
-34.4682
-29.8152
-30.338
-28.7362
3.02809
3.25928
18.237
18.9553
18.397
19.1592
-41.6752
-38.3873
-37.237
9.56168
-32.3464
-38.3368
-37.781
24.0023
25.61
24.2945
23.1631
6.49608
5.91083
4.71251
6.72345
5.53142
17.1112
18.0178
17.5599
16.6829
-9.07063
16.0693
-10.0185
12.8773
13.6294
13.2397
13.8367
-26.9566
-26.0018
-25.9163
-27.5043
-25.9056
9.27905
9.28142
9.27242
-20.4481
-20.635
-20.1425
-20.5739
-20.6471
-55.9204
-54.4978
-56.4179
-52.381
24.1881
22.4992
23.0065
-2.00811
14.8169
14.6908
15.0569
-7.69018
-8.71468
-7.52179
-8.95678
-2.72782
-10.9417
-46.5123
-46.2816
-46.9664
2.69638
5.98777
-33.7465
-8.01162
-7.70877
-7.6787
-7.96028
-8.73428
-7.61932
-0.033314
-2.79108
18.9346
18.4257
18.1283
-40.3995
-40.802
-42.7542
-42.752
20.5609
20.7268
19.7639
19.872
-48.0589
-45.5902
-46.7535
-16.7347
-59.0556
-60.8978
-14.2244
29.4169
29.2789
29.1321
29.325
-29.4501
-81.3738
-81.4723
-82.9936
-82.5833
-29.8681
-28.8841
-29.2193
24.7952
25.2614
25.975
5.68168
24.281
25.32
23.8308
16.9064
16.2343
15.9125
16.8009
1.26822
1.71358
2.07442
-0.645923
-1.00609
4.76612
-36.2506
-32.0193
-36.307
-31.1798
-21.2638
-7.51339
-6.72906
-7.47329
32.5883
30.544
31.5012
33.199
31.5459
33.9737
32.5053
33.2701
8.80468
0.79224
-0.102758
-28.6458
-27.2646
-27.8854
-25.7651
-25.0638
15.9913
15.8264
15.8371
-5.74711
-7.39356
-7.45162
-5.73753
-5.23454
-8.05388
-7.8639
-4.67682
11.6324
11.1294
11.8086
10.9983
-21.0726
-20.0254
-21.0845
-29.122
-28.1696
-25.9764
-28.5908
-15.4534
-14.127
-14.6574
-14.7886
-8.02426
-20.4615
-21.9312
-18.5151
25.2291
-7.28695
-8.41276
-7.91812
11.4808
10.9901
12.5637
-14.5655
-8.98964
-28.7722
-27.6418
-29.7525
-21.2763
-21.6834
-22.5308
-23.569
-23.5117
-1.1317
-3.09269
-4.94205
-54.1646
-41.6151
-40.0831
-40.8185
15.5014
-16.9703
-18.0067
-17.6975
11.7452
8.05879
11.42
4.56788
3.65314
18.9499
10.0351
12.2211
24.5628
21.1099
0.577086
-28.342
-26.3875
-28.5822
-25.8995
-22.8848
10.0707
9.5183
-22.3897
-21.8201
-20.9969
-22.9991
-22.9103
13.3457
13.6857
13.1434
12.6666
12.5553
13.9191
6.37445
4.9115
5.97575
5.53578
9.98958
10.0127
9.94883
9.98213
10.0113
4.03996
4.63583
-84.4679
-81.8445
-83.1566
-81.7082
28.3255
28.5461
29.0164
28.0062
27.7802
-30.2826
-60.6134
-64.4307
-21.3843
-17.3783
-19.8663
28.2083
26.2948
26.8638
28.8875
27.6892
-14.1193
-18.7135
-16.3354
-23.3147
-23.5184
-23.7695
-22.7067
-22.153
-23.5647
-21.3919
-39.2638
-40.3205
-42.0324
-44.2943
-26.1459
-30.224
-29.833
-27.9282
-23.0087
8.7407
7.85288
-25.3236
13.9133
14.2784
-26.6547
-7.91778
-6.8464
-9.36346
-5.44602
-9.47058
-10.9287
-11.1969
-9.53795
-8.043
-27.6912
-59.6341
-28.5644
-27.7014
-29.2166
-28.1544
-21.4462
-21.8748
-20.8597
18.8608
16.7946
-58.0334
-55.8753
-17.5065
-20.0351
-14.9775
-12.6562
15.4805
15.4214
15.4408
27.0742
25.9244
25.4599
27.6775
-61.2309
-61.3282
-53.3026
-31.4467
-30.1261
-32.7934
-29.6338
-30.4783
-28.6773
-9.95381
-11.8714
2.76446
1.31235
3.65669
15.8039
9.57749
1.94571
-0.0384143
0.594741
-32.0841
-34.59
-13.3467
-12.476
-14.5682
4.23227
12.175
-24.6168
-22.4658
-25.8032
-21.0762
-27.5094
16.3342
16.2593
15.8782
17.1764
14.0596
13.3596
13.5451
12.4671
-13.8152
-18.1155
-17.3266
-18.981
-16.4759
-15.2006
-27.3176
-28.3341
-25.9012
-27.5243
-14.4073
-15.1981
-17.1629
-13.2319
12.4349
21.445
23.8591
23.8595
-20.5568
-20.8466
-21.1322
14.3976
14.4041
14.0654
-14.6247
-15.0087
13.6268
12.7315
14.4692
29.8798
-34.6169
-32.5267
-22.4377
-24.7939
-21.7096
-3.57608
-3.31727
-2.27343
-25.8256
-27.6544
11.3735
9.50485
10.1092
8.84299
9.02133
-0.910483
-2.04104
-4.72032
-4.45756
-31.8648
-32.381
-36.3861
-29.5679
-1.29774
1.63741
7.59627
-11.7938
-5.53289
-16.7975
-13.6536
-8.59061
-4.95492
-6.1581
-8.27032
-7.13492
-7.91941
-12.629
-7.20249
0.250038
-2.74344
-4.19993
-15.1188
-22.7002
-24.1042
-26.6785
-23.9905
-24.1811
9.22963
9.06926
9.16008
9.18604
-53.6114
-53.1864
-42.7826
-50.0871
-44.1758
-40.7972
-42.6577
-41.7518
11.6516
12.3229
11.6981
12.3755
-14.4408
-8.47345
-17.9703
16.4067
15.9889
16.9914
15.4675
15.0183
30.0417
30.208
9.0208
9.62363
8.93748
15.6558
15.7455
15.6417
15.8331
15.6779
31.2756
32.2584
31.4973
16.3405
16.1534
-72.5617
-72.4773
-75.6384
-70.58
-77.5273
-30.386
-33.7574
-31.7958
-31.2959
-38.1083
-35.8879
-38.7868
-34.5389
-33.8916
-34.9241
5.38861
7.4462
3.81716
9.60766
8.3456
-1.56182
0.599777
-27.3715
-3.87818
-3.55563
-4.43025
14.0904
14.4739
-13.65
-41.3871
-42.376
-42.0003
-41.6897
-3.71598
-5.55614
-7.72517
9.29326
9.27428
9.25353
-55.638
-56.125
-55.6351
29.9092
30.8476
30.1278
30.7894
-47.7029
-46.8173
29.84
30.7663
30.3349
25.5125
24.3774
32.9406
33.4979
31.158
-5.18546
-3.99637
-40.2723
-40.5337
17.4165
18.2404
17.9422
3.51852
1.91876
4.48246
-1.77784
-3.06769
9.28759
9.28748
9.28755
9.28751
18.5721
20.2617
-5.62997
-6.4086
-31.8952
-31.6119
-30.5425
-30.6329
-30.9508
2.46501
3.46926
3.86109
2.2448
-41.3025
-40.471
-44.3804
-79.7262
-78.7519
-77.1961
6.8091
-21.7118
-15.7064
-22.4698
-17.2873
-9.9072
4.45271
-28.6515
-27.8629
-29.7861
-26.0966
7.57239
7.46006
8.36696
-4.26057
-51.1142
-49.3607
-47.8864
32.6561
32.6676
32.6714
32.6515
-3.17181
-10.4891
-5.7211
-6.85425
-36.1378
-33.9633
-34.1774
-60.5596
-59.9979
-67.7719
-59.0082
-39.0135
-36.0713
-27.6735
-27.1519
20.1559
16.8967
16.8507
19.4143
11.7222
10.6131
9.65701
-61.3553
-62.7651
-64.5375
-64.585
-26.1675
-27.3717
-25.2186
-22.5553
-23.8068
-20.5723
-21.129
9.2877
9.28768
9.28772
-6.74122
-2.78636
-6.53046
-4.26812
-2.03195
6.22544
8.87756
9.91794
10.3049
-44.7044
-43.2908
-43.3044
-43.8403
-45.1377
18.473
18.6851
18.0452
-13.4072
-0.740878
1.22333
23.2544
23.389
23.5817
4.78618
-82.8903
-82.9979
-82.9326
-82.9015
-47.8399
-48.0358
-49.9592
-68.2633
-65.1577
-68.4123
-64.6232
20.5923
20.9937
20.7678
20.7049
19.8976
20.0457
20.5349
18.9972
9.43322
9.98516
-15.0045
-19.078
-20.213
-17.7722
-35.9988
-63.9629
-62.9901
-64.3014
-63.0484
-20.1111
-21.52
-18.5966
-16.0227
-30.3585
-30.0841
-32.4452
-27.4248
22.3262
22.1403
-42.9558
-44.6311
-47.3114
-29.1448
-26.222
3.40461
2.79588
6.69526
-82.8357
-82.7678
25.1525
-19.1983
-21.7343
-22.8451
-19.3778
-21.6892
-20.0259
15.67
15.4921
15.4697
-13.0397
-6.04838
-8.68102
-29.1359
-21.3716
-22.0647
-21.6925
-17.2678
-13.2449
-15.9651
-9.86924
-11.3868
-11.1109
-9.87084
-2.80011
-3.07531
-2.94662
-2.04254
-3.26519
-2.35566
1.91676
-12.0668
-16.1084
-11.3493
-14.5992
-13.5165
-21.1625
-22.071
8.52745
9.06393
9.97762
9.2876
9.2877
9.28733
9.28769
9.28768
10.0483
10.0011
10.123
20.1369
19.7652
-19.195
-19.6025
-19.3884
8.00812
7.9557
6.98987
7.09419
10.1148
9.07106
-82.7337
-82.8083
-82.6549
-82.7969
-67.1718
-63.8334
-64.0088
-65.494
20.333
19.852
20.2933
-22.5992
-22.6015
24.2316
-12.0098
-13.5405
-16.3918
-15.8957
-15.7244
-9.28505
-6.99932
-9.33223
-8.15567
-24.9763
-56.9511
-55.9602
-57.2189
-55.6451
-59.0831
-56.0302
-59.0178
18.8329
19.409
18.9454
19.126
19.9336
-82.9498
-82.9157
-26.6396
-30.2644
-23.1504
8.68628
8.12792
22.5678
14.132
12.6024
12.5702
13.3781
13.7754
-32.2015
-32.1424
-32.417
-31.784
-8.10741
-5.78157
-7.88845
-6.1092
15.3251
15.0582
14.7539
9.79836
9.37088
17.789
17.276
11.8165
12.0674
9.1447
8.98362
-42.8821
-51.1244
-49.6252
-50.055
8.97614
9.16214
-82.4652
6.93651
4.04898
1.29886
3.1981
6.09059
-80.9026
-81.1622
-81.5824
9.55275
10.0015
-49.728
9.89964
10.4485
-82.8921
-82.9011
-82.8912
-63.642
-19.6102
-16.9518
-20.6227
-13.0027
9.28772
9.28773
-34.2168
-34.9543
-35.3297
-37.3423
-38.8573
-38.3614
-36.8971
16.7161
14.8523
8.01015
-17.9154
-18.0036
-17.0479
9.3957
9.33104
9.57034
9.46589
-40.9685
-38.3033
-41.4196
-24.0625
-21.0967
-21.2906
-18.1189
4.07337
5.33887
0.91711
32.8845
33.1771
33.0278
33.1223
32.9111
-15.3076
-11.096
-23.2523
-21.4837
-25.2552
14.4805
14.714
13.8081
13.3742
9.30124
15.5948
9.04
14.3794
12.3927
11.2244
8.44324
6.83689
13.3466
5.24325
-36.7671
-33.8237
-38.2508
-38.1188
-33.9686
32.6663
32.6652
32.6794
32.6811
20.0648
19.8673
19.2418
-52.3242
4.89562
3.24527
3.51825
-17.6401
-17.6669
8.85494
-14.0226
-13.9396
-14.6805
-33.4616
-35.763
-32.1869
-62.5912
-41.1461
-44.7114
-38.2513
11.7902
12.0865
12.4528
11.2579
13.0127
-9.20202
-9.85583
-10.8525
9.28771
9.28768
-52.2606
-52.2286
-53.3834
10.8259
9.5043
10.0489
18.7917
19.5978
20.9971
-53.0104
-12.5939
-16.3195
-62.9231
-64.6392
-65.4222
-14.1086
-13.7187
-13.8441
-13.5784
-10.7654
-20.5605
-22.7691
-28.5627
-29.1544
-28.5221
19.9111
16.9912
14.6397
13.139
-50.2163
-48.7912
-49.222
-23.8873
-25.3187
-23.5909
-24.6226
-26.4256
-42.219
-82.8884
-82.8827
-82.8903
-82.8773
-25.3733
-8.18619
-8.28996
-9.08946
-9.58784
-14.3219
-17.7955
-19.3144
-18.991
-30.2404
-31.8853
-33.4884
-36.0336
20.7755
-43.4729
-46.9306
-44.1863
17.1242
-58.7744
-57.2661
-58.2188
14.7472
14.955
15.0162
15.1498
-20.555
-20.8153
-20.382
-55.2862
-54.0665
15.9061
-48.0785
-50.2698
-51.3138
-47.5508
-44.2384
-45.2322
-42.428
-43.873
-45.1256
-52.8835
-53.743
13.6418
9.80682
9.11862
14.0396
-25.4622
-25.5476
21.0765
21.0265
21.2473
20.5248
-40.3386
-39.1096
-43.6375
-32.3088
-28.9239
-31.2749
20.6004
21.3552
-46.5647
-46.3692
-44.3038
-52.3369
-52.6371
-53.214
-45.3536
9.28774
9.28774
9.28774
9.28774
9.28774
-19.3859
-20.4837
-54.8821
-53.4404
-49.6557
-57.6655
29.4095
29.5754
29.5577
29.5424
-32.2385
-33.8427
-30.3414
13.0522
12.9599
-24.8639
-24.7444
-24.6106
25.5065
22.1993
22.2976
22.029
-21.9842
-21.9321
-23.0523
-23.6465
-54.1313
7.74637
9.82809
6.14063
11.8641
-56.7867
-23.3941
-22.0218
-29.2225
-28.3421
-26.9536
-28.5422
-27.9031
-26.8245
-8.51009
-83.8984
-83.4454
-83.5526
-20.1633
-16.212
-17.2138
-19.6797
-17.7674
17.5594
18.3353
-80.0033
-80.5616
-81.9354
-78.0912
-30.5305
-31.5331
-31.1889
-78.3973
-78.7193
-80.7204
-81.0398
-79.0302
-76.3736
-79.856
-75.9371
32.6725
32.6785
-14.1349
-13.7465
-16.4405
-31.5528
-27.606
32.6713
32.6694
32.6708
32.674
27.013
26.3906
26.8776
-44.0701
-46.5306
-45.5778
-45.9141
-46.8162
24.7444
24.9696
24.6965
34.2166
34.9497
36.2385
15.4739
15.5068
-28.2385
-27.0139
-48.5265
-0.656578
0.221083
-0.0562626
-0.693433
-61.0366
-62.5995
14.0425
-47.1685
-42.9306
32.5078
32.2785
32.4225
-4.58841
-2.94316
-38.9982
-43.2077
-37.9168
-41.3698
-45.8245
-44.4203
-41.7773
-45.8803
19.9709
20.1104
1.81387
2.24121
3.87318
2.55052
3.98423
28.3351
30.5017
-72.1452
-71.8325
-67.9099
-58.4628
-56.2868
-35.0108
23.9281
25.1682
24.8922
-12.3492
-12.0144
-13.7054
16.5567
17.052
17.4027
16.61
-5.55459
-4.67854
-7.81286
-8.18713
-61.1006
-56.5349
-61.5442
-56.5767
-59.4421
-55.4952
-55.2357
-81.4355
-30.6843
-29.7534
16.5573
16.8426
16.199
-20.3439
15.8938
17.9517
21.9254
21.8319
21.4785
21.5771
-13.3125
-13.0097
-13.5275
-13.6255
24.8065
25.3838
24.9535
-28.923
-28.8029
-30.2062
16.1049
-22.3675
-25.3511
-47.0904
-48.7297
-47.3964
-52.3392
-45.3054
-17.9147
-15.0257
-17.368
-12.5936
-12.7019
-10.4226
-14.6947
-17.1727
-17.9795
-12.5911
-10.9931
-9.50017
-5.58139
-6.43946
-9.39842
-0.218067
-38.6019
-40.5236
-40.0707
-37.6759
15.6096
15.0587
-11.0989
-9.91527
-7.07242
-29.965
-44.4988
-49.4227
32.5672
32.6334
-39.2171
-42.0823
-39.396
-10.113
-11.9171
-4.23232
14.4242
14.9615
29.6219
29.7123
22.0879
13.8008
-46.3176
-43.8001
-47.2411
-44.0036
-44.9213
-44.9866
-52.0608
-53.0289
-53.0454
-11.7996
-13.8713
-24.9252
-25.2777
-16.3475
-17.4616
-16.1016
-56.3832
-55.6247
-58.5384
-60.3925
-55.8092
-52.1385
-23.8535
-28.3084
-22.6585
-54.2819
-53.9423
-0.0619349
-62.9373
-49.5867
-56.7964
-54.0796
-55.9373
-51.588
-47.0153
-43.1439
-41.9293
15.6253
-39.133
15.0659
15.176
15.2392
-44.5697
-47.4163
-46.1494
-49.1206
-48.5187
19.3032
19.1443
-51.5326
-56.5368
-37.2235
-37.1938
-36.7746
-21.5514
-20.55
-20.6482
-21.9641
-11.3976
-83.1258
-83.0699
-83.0415
21.3641
20.7186
9.25832
9.24643
-82.7509
-82.6076
-82.8949
-82.7981
-57.7151
-56.0072
-31.7462
-35.499
-34.6706
-33.1213
-20.6458
-3.16401
1.65042
-3.73772
-2.37521
-5.60102
-9.739
-13.5124
-58.9724
-60.2089
14.7433
14.967
-20.0087
-40.3923
-37.3918
-42.3428
-57.3753
-58.6857
-57.6738
-60.0898
18.2786
17.2665
19.5321
-15.7376
-16.2308
-14.308
-59.4051
-55.3443
-50.4407
-36.3865
20.9753
21.5666
20.3349
-23.0517
-24.2
-23.7431
-50.6226
10.7619
10.7706
-21.9652
-20.2528
32.1703
31.2906
21.9793
18.6492
19.0188
18.9177
-16.0225
-14.1537
-14.4777
-15.5866
-15.4697
-19.2063
-19.4413
-38.2781
-39.0772
-43.1295
30.6609
30.556
29.8443
28.6161
-6.11613
-55.0316
-38.0429
-40.0449
-39.5441
-9.98078
-18.9733
-9.20792
-12.871
-12.7343
-36.8138
-26.1835
-43.5903
-39.7224
-51.0587
-51.5984
-53.5234
-47.9512
-38.952
-39.3555
-40.3726
28.2789
29.9361
10.5173
21.7944
6.25589
24.4003
-27.5279
-26.7003
-22.8008
-24.3542
13.7224
14.6836
14.9559
-22.7422
-23.4459
-24.648
-21.9771
-20.8591
-42.5067
-44.4181
-53.966
-15.8894
-64.5658
-62.9995
-62.4355
-60.7126
-60.7347
14.8934
9.28742
-62.0997
-61.6085
-60.0335
-57.9686
-57.272
-56.9842
-59.2781
-58.6521
-82.0476
-82.1865
-18.8593
-18.271
-19.3316
-16.0203
-82.4053
-83.0155
9.28914
9.28824
9.28932
9.29103
-56.842
15.534
16.0108
14.7368
17.1514
16.9469
-49.8808
-7.28203
-7.33766
-7.73785
18.09
17.3881
18.2668
-44.2694
-43.8993
-58.3555
-60.6179
-12.9488
-14.1592
-10.6687
-15.2048
-13.2897
-61.2279
-60.2774
-62.5325
-56.2609
-40.796
-7.69913
-45.615
-39.8241
-45.4653
-41.2033
-43.3207
-42.8889
-61.5189
-12.3484
-12.1988
-39.2199
-40.6065
9.3938
29.7536
30.0586
30.1256
-59.0561
-57.1907
-37.5177
-34.7134
-36.1711
-35.8972
-43.3251
-40.5118
-38.0232
14.8664
-42.5589
-31.8761
-33.7491
8.14262
15.8094
6.50245
9.67588
15.7228
9.28767
9.28767
-9.34562
-30.7746
-31.2994
-31.4229
32.6503
32.6451
32.6137
0.483075
-0.234041
-32.7807
-31.3595
-32.6955
-64.6709
-63.3866
-65.9013
-67.1488
-68.5024
-70.2058
-13.8283
-13.3757
-13.0524
-38.6945
-37.8942
-37.0834
-67.4332
15.5682
15.567
-49.454
-45.9618
-46.3561
-46.9875
-49.1102
-60.8699
-61.5995
-61.6251
-15.7822
-82.836
-82.847
-82.7546
-20.3378
-20.8326
-77.8446
-60.2105
-61.2587
-36.4145
-37.4536
-54.0253
-79.2521
-75.9772
-59.7043
-1.81725
-2.3203
-1.68107
-0.893005
32.675
32.6749
32.6696
32.6814
-23.962
-25.1746
-19.2139
-19.5943
-19.049
-36.5244
-35.3138
-37.9931
-38.8224
18.6148
18.357
18.77
18.6446
-45.8824
-49.4701
-32.8677
-39.1737
-36.6455
-62.6373
-61.9991
-22.968
-24.9683
-25.3357
-21.6643
-62.4141
-36.5454
-32.6759
-2.12688
-15.3882
-17.8631
31.3662
31.2233
-77.24
-63.222
-66.2628
-68.3899
-62.2927
-63.566
-64.0419
-65.4149
-62.0333
-1.52364
1.73816
-14.3406
-15.5169
-64.8647
-22.9026
-30.5581
-29.1104
-32.0955
-27.3728
-25.1573
-6.57499
-6.60815
-7.00762
31.9028
32.1152
31.8283
14.5603
9.28774
9.28774
9.28775
9.28775
16.0347
17.074
27.502
29.0069
28.4604
28.4435
-11.4765
-10.2023
-10.3839
-28.7141
-33.9999
-25.3657
9.28981
9.28998
9.29216
9.28896
29.2859
30.1895
30.8903
10.0182
11.0269
10.0445
-50.6973
-30.7139
-33.2214
-34.4441
-31.7191
-61.8056
-61.1006
17.287
16.1361
16.8906
-7.30722
-5.64489
-2.74579
-26.1519
-24.1618
-27.097
-26.1917
2.46471
31.6733
31.9597
31.7503
-52.1689
-30.9476
-34.2538
-34.4133
-32.064
6.7394
0.450054
6.89248
-62.1352
24.8621
24.7565
24.6718
25.5107
26.7918
-26.7326
3.40626
17.3887
18.0539
18.9187
17.7002
20.2027
-51.969
-54.5824
9.9883
9.98538
9.98485
10.9278
-56.6895
-58.6543
-47.8277
-45.7595
-70.0396
-4.17064
-3.08577
-63.7421
-19.2051
-19.5519
-22.2138
-39.4721
-43.6176
13.0155
12.3523
12.5994
10.3315
10.2754
10.2738
10.1833
-29.1173
-27.775
31.7012
31.505
31.5342
31.7155
32.6423
32.5834
32.6907
-24.9629
-25.1971
-24.0745
-24.944
11.9355
12.7512
-19.7511
-20.763
-12.3957
-12.0888
-32.6103
-34.07
24.5587
-28.7919
-30.7442
-28.1201
-21.8394
-22.4905
-21.5228
-22.6495
-22.9833
-25.9297
-27.1082
9.28776
9.28772
-37.6698
-37.9955
-48.4283
-48.8429
-48.0852
-50.1031
-5.72926
7.15416
-20.2386
-19.6789
-19.5023
21.3705
20.9455
20.9939
20.4181
20.2949
21.6272
2.94571
10.2205
11.2847
-24.6638
1.05354
0.765509
-60.6604
-58.6008
-38.3914
8.61359
8.40477
8.52658
23.6575
17.3975
19.8291
-74.775
-73.6189
-61.0346
9.28774
9.28773
9.28773
22.1334
22.2518
21.3679
23.2179
21.4645
-23.3575
-20.5397
-23.2768
-19.0632
-20.4546
28.2793
29.6545
-82.8377
-82.8331
-82.8746
-82.8652
7.90284
7.52958
8.53227
-10.2394
-10.6417
9.56136
-19.6004
-19.6615
-19.8781
15.6066
13.9909
-36.6514
-37.5752
-35.4469
-34.0889
-21.6619
-2.10766
-0.681761
-2.92783
-42.601
8.26634
8.32029
8.61868
-56.2561
-82.8666
-19.0843
-2.87928
-16.9076
-15.1506
-18.469
-60.2265
-63.7995
-82.9922
-82.954
-83.061
-23.3933
-23.4565
-26.2052
-22.5687
-23.767
8.92672
-26.7706
-12.003
-57.3864
-56.6116
2.44247
32.6717
32.671
32.6693
32.6702
-55.9174
-26.8875
-26.5925
-27.3061
-22.7953
9.94018
6.90306
9.56046
11.9579
12.2623
11.9272
-32.6543
-36.4837
-31.5778
-31.058
-35.8265
28.5044
28.6644
28.6655
-56.6297
11.6957
12.5598
-38.3657
-39.1776
-49.8099
-56.0221
-56.3867
32.6573
32.6513
32.6442
32.6539
-46.3876
-48.5321
13.2578
13.3342
14.3051
14.1992
17.7171
17.041
16.2739
-46.2944
-20.3613
-21.0901
-20.2793
32.6415
32.6077
32.6301
-68.5092
-34.9758
-38.7784
20.2282
19.554
19.0652
-27.6844
-29.2466
-27.5706
15.6789
32.6687
32.6655
32.6676
15.3428
15.591
15.9272
-17.1762
-32.9384
26.2378
9.28802
9.28886
9.28812
-27.8157
-28.1495
-28.5837
-29.1334
-42.9874
-42.8305
-41.2581
-19.4156
-18.7881
-19.6554
-42.1108
-42.4602
-44.4263
-22.6282
-1.3701
0.548564
-20.5837
-21.2529
-21.3189
-20.7414
-46.0744
-11.0781
-9.16127
-6.33861
-7.26388
-5.08095
-11.0894
-25.2748
-21.7746
-10.0123
-6.61329
-5.05713
-6.82017
29.9407
29.8648
28.1977
27.7291
31.9772
31.1987
32.1487
31.2299
-29.6864
-29.6959
-29.9301
-29.8297
-30.5955
15.4991
-22.3512
-22.4421
-24.549
-13.6801
-30.4515
-22.1123
28.7838
29.1477
-26.4969
-27.8217
-28.2661
-29.0367
-36.004
-19.7596
-25.8471
18.4071
18.566
17.5988
-44.8521
-43.1475
-44.8937
-43.9867
-36.0081
22.4641
35.2966
32.3548
-3.46852
-3.5205
-4.37714
28.4197
27.3234
26.2217
28.9706
-20.5533
-18.9309
-13.7512
-61.6278
-44.51
-82.8746
-39.5031
-37.733
15.9588
15.5061
18.8313
-44.1951
-45.8272
5.57737
5.91891
6.34796
-34.7723
-35.7
-22.6936
-25.5804
-21.3362
-38.8104
-39.9522
-38.6157
-9.66314
-11.2353
30.6876
-26.5048
-25.1591
-25.1462
-19.4306
-17.8103
-18.111
-19.756
-13.3353
-16.1925
19.8526
29.9947
30.8098
30.7821
30.047
-30.9681
-30.3681
24.1708
13.1804
12.9831
11.1677
-56.9376
-19.8873
-31.2552
15.3925
15.4505
9.35182
-47.0824
-43.2883
-16.223
-19.1343
-17.8637
-35.4732
-35.9906
-32.326
-37.5677
-36.0702
15.5997
15.5205
9.35907
-10.6887
-17.3697
-13.8552
-14.9128
-9.96641
-1.66134
-1.53108
-4.44907
-4.98191
10.9029
11.9428
-35.8444
-34.8372
-36.9817
-33.4521
-35.393
27.2207
-29.5779
-5.63032
-36.7546
-28.3617
-25.7967
7.86596
7.44301
6.75735
7.68882
6.42921
-18.1409
-20.0792
-19.9808
-18.4589
-23.1354
-23.1782
-23.8017
9.87617
10.234
10.45
9.2875
9.28746
9.28729
-17.0157
-19.9593
-18.8382
-8.11334
-8.4916
14.6126
14.3804
-67.0204
-72.1124
-73.7349
-27.7218
-25.0954
-31.1944
-33.4023
-63.41
1.58074
32.6146
32.5608
32.5919
32.5951
-18.0939
-18.4176
-18.0024
14.9953
15.0601
14.8616
5.67616
5.64265
14.9956
16.631
13.0394
14.7325
1.78701
2.95698
5.2502
-2.49792
-5.54626
-0.327799
-3.79509
-32.3682
-34.6645
-19.2715
-26.3199
-27.0363
-20.3611
-21.3139
10.6337
33.218
32.5163
33.7195
33.2649
33.1176
32.7151
32.7553
32.7828
-42.3779
-31.6029
-30.9626
9.28775
9.28776
9.28774
9.28774
-10.4858
-6.7957
-3.84282
-3.97605
-0.439579
30.3387
31.9225
30.0904
4.74213
0.873533
6.53607
-1.72153
-5.87461
-24.8585
-20.1962
-2.70891
-1.94729
24.346
24.6103
24.369
32.2169
32.4523
32.4605
-22.2257
32.4381
32.3364
-55.9609
22.8933
23.349
22.2137
24.3876
7.49823
11.5689
-35.7676
-30.3541
-35.4509
-20.1576
-1.56706
0.312574
-12.2496
-13.9392
-13.308
11.7406
-12.6207
1.31629
4.50297
-21.6166
-20.5557
-41.8601
-41.2068
-13.1199
16.1312
16.8238
9.28777
9.28777
9.2878
9.28776
-13.1643
-14.4434
-12.1697
-13.4008
4.53154
32.6157
32.6348
32.6083
32.6548
-22.4672
-23.7157
18.1714
18.0196
19.6267
19.4547
-2.34623
-2.82402
-2.99262
-2.65889
-3.225
-3.10287
-3.40251
-2.90815
32.5591
32.5557
-68.7086
6.5471
-6.0397
-41.3927
-22.0464
9.28788
9.28784
9.28802
9.2878
-41.8222
-39.2885
-38.4594
10.144
-50.4791
-28.3594
-30.2374
-25.0002
-27.0664
9.34249
9.33869
9.3839
9.31003
-29.3712
-30.0403
-29.7249
5.92416
6.72584
6.78494
-54.1201
-51.6523
-53.2062
-54.7234
-53.7887
-36.8136
-59.5012
-37.9357
-12.2546
-40.539
-37.67
-40.7734
-37.9475
-19.456
-23.0236
-62.9115
-71.5515
-38.2732
-38.4481
-38.0633
-71.2173
-44.2222
-39.8864
-39.297
6.79215
10.784
6.30574
7.90189
12.8211
-4.33196
-4.22525
-50.3936
13.01
10.9015
14.832
23.3468
23.9653
-54.7229
-54.7781
-54.765
-6.58921
-6.64803
-7.00021
-10.5246
-10.1572
-10.4521
-63.0509
-2.51237
-3.2052
-42.49
-44.4909
24.5423
25.0162
23.7344
-44.7158
-45.5862
-43.0291
-43.7513
26.3612
29.1443
-44.5364
-44.6703
21.9669
21.672
22.2985
26.5806
27.7763
-6.45401
1.91635
-41.7353
-21.0229
-41.466
30.7625
-14.6085
-17.8849
10.5527
-13.2992
-12.8791
-14.2408
-12.4319
-55.5716
-55.1952
-41.8719
-42.3899
-44.2375
31.4303
-35.983
-17.2899
-14.3718
-15.7604
-15.3486
-12.0177
-11.1157
-51.2639
-23.3795
-30.0297
-29.7966
1.1876
-10.6201
8.74273
7.93001
-19.1167
21.9928
21.2018
32.5241
22.2833
22.6524
-22.0879
-23.7071
-20.7411
-15.1935
-14.4246
-18.8462
-11.9128
-10.1919
-12.0311
-16.0723
-50.176
22.6458
22.937
22.3187
-14.3369
-57.0416
-31.9348
-32.6592
-31.5689
-16.9015
-20.6964
22.2548
21.5911
22.1234
23.3255
22.7284
-24.6594
6.25878
7.58873
5.8956
7.83508
-54.3693
-60.0603
-64.558
-52.6328
-39.2784
-38.228
-39.5771
-38.7629
22.4829
22.4631
22.0328
-4.48764
-3.76207
-55.3552
-55.2673
-54.7033
-11.2766
-26.5335
-25.1131
-9.39972
-56.2787
-53.2979
32.6632
32.6661
32.661
-54.7141
10.0212
-20.8204
-20.837
-30.6503
-32.913
-34.2885
-33.3752
8.25648
8.65422
5.54399
-8.93949
-8.16578
-10.4771
-45.2513
-69.4761
-69.2635
-65.7405
-74.4617
-69.5145
-36.0393
-36.257
-37.3497
-70.4771
-74.7771
-75.3028
-75.6068
-55.4783
15.0784
23.4314
23.679
-55.0281
18.8935
9.22994
-22.6562
-4.8126
-5.31816
-7.92285
-7.34702
21.2913
20.7494
21.335
7.93117
8.4097
7.56038
7.2568
8.92102
-39.359
-43.0412
-42.4173
-45.1821
-11.6443
-14.2788
-82.7572
21.9735
22.3644
22.1524
22.3933
-21.0844
11.8752
14.3607
30.8364
30.6482
30.2059
-11.6379
-15.4512
-41.3241
-43.0029
-61.0906
9.28775
-25.477
28.3317
28.3554
27.6236
28.1908
27.3006
-29.1994
-30.4951
-81.8077
-3.71172
-6.1305
-4.91302
-16.3873
-83.4962
-26.8728
26.6552
26.8204
27.2862
-83.0608
19.4719
19.1114
-37.5775
-82.5032
-12.3404
-11.4978
17.9079
-72.5373
-73.1093
6.09122
6.93756
-5.01739
-8.10078
-5.05626
-19.9053
7.87196
-6.42535
-28.0038
28.8967
28.422
-83.1331
-82.9942
-61.3012
-22.4798
-22.9949
-23.483
-24.1498
-82.9691
-82.8941
10.3029
12.0333
12.5697
12.0989
12.7025
12.7618
12.428
24.8834
24.6242
-82.551
20.4979
-58.4814
9.00466
9.28774
9.28774
9.28774
-82.0126
-82.9394
-82.9078
-82.9201
-82.8992
19.8151
17.1872
17.3815
11.7427
11.2493
11.0231
-82.8663
21.4676
22.1595
8.41844
-20.8486
-16.5445
-4.33188
1.53994
-2.94924
2.27089
-82.5489
-82.2516
-82.1287
33.2203
32.9839
33.086
33.4569
3.37582
3.12159
1.97421
-10.4248
-7.95135
-60.0632
-12.966
-13.4097
-13.5419
9.28782
9.28792
9.88365
11.1243
10.4247
9.63206
9.20663
-24.4231
-25.935
-27.7372
32.6846
32.6934
-18.4439
-18.3317
-19.4751
9.97415
10.1508
-21.8347
-21.2542
-60.6057
-22.2096
9.7844
17.905
17.3857
-21.0036
-20.3304
-35.9213
-40.1287
20.28
19.0178
32.4699
32.5447
-51.4404
27.707
27.5185
27.2497
27.3939
-17.8812
-17.1729
-17.8743
14.4784
14.7887
14.5442
17.4647
18.3285
17.7873
18.4582
12.4244
12.2879
12.9683
-56.2648
-34.2696
-17.9864
-18.4356
7.23391
31.7466
-41.1685
-43.5217
-40.5514
-52.0483
-59.7026
-17.9555
-16.9506
-8.71555
-13.8193
-59.1126
-2.71116
9.28774
9.28774
-42.2372
14.3972
14.1249
13.9735
19.2261
16.886
16.3237
19.6626
-37.9359
-40.482
20.479
18.794
-38.8452
-20.9407
25.8572
21.3831
21.1931
22.0331
-16.324
-17.3276
-15.803
-3.38177
-3.67146
18.2719
19.8979
19.1916
19.5558
-29.6101
-36.8852
-38.7163
-38.7472
-35.1857
-44.1418
12.6874
-29.5677
29.6054
29.5817
31.6862
29.564
29.2978
25.3956
27.2843
21.6639
21.4578
14.9561
15.7006
14.9956
15.5157
15.6019
16.4099
32.6731
32.6751
-47.9931
-46.0271
-46.3813
-33.0119
33.43
34.5446
32.7608
32.6979
-32.3489
-29.7104
9.28774
9.28774
9.28774
9.28774
9.28774
-26.4286
-27.9489
-25.2693
-20.9386
-17.6696
-21.4401
-34.0784
-34.7849
-33.0394
-29.901
-30.8905
-33.3365
9.28695
9.28647
9.28692
-29.8731
-25.2741
-18.2984
-18.4129
-20.5955
9.80226
10.8105
10.7776
-1.65834
-2.32909
-1.43193
-8.54926
-22.5462
11.683
32.0204
31.3929
29.8177
-55.3526
-56.9147
27.4366
25.1822
-6.33405
-17.9843
-21.4016
6.06781
5.2645
5.51065
25.0563
24.0297
-2.07274
0.351023
-28.5877
-27.8333
-60.1858
5.03334
-18.4091
-23.4995
-19.9793
-16.9608
23.2444
22.5459
23.4941
22.2125
-34.1887
-35.1462
-28.1061
-25.8397
-28.5033
-27.2727
22.4987
22.4536
-25.4527
-23.611
-24.1953
-21.5305
9.28782
9.28774
9.28779
9.28796
-58.5044
-57.6824
33.4882
32.8909
32.7101
33.2809
29.71
9.28774
-25.9912
-26.3815
-51.8829
-54.5712
-56.3408
-55.4241
-8.40597
-7.20417
-7.53559
32.681
32.6718
32.7022
-23.0967
-26.8453
-24.4007
-25.1337
-25.0346
28.214
28.4671
28.6206
-16.7583
-10.881
-16.6268
-16.531
9.06306
-23.6959
-24.0907
-20.9016
14.2135
-49.1961
-23.9519
-23.228
-23.4874
4.32792
-7.37608
-9.91719
25.6347
23.3822
-41.3854
-23.3936
-23.5543
-24.3795
-22.7793
-25.54
-18.6403
-19.177
-18.8342
-12.2203
-4.77843
13.8234
-14.6048
-14.5059
-12.7333
-12.7693
-1.56668
-0.501999
-18.379
-19.1352
-17.068
1.11723
1.50504
1.37543
7.66553
9.01271
9.63426
5.2266
5.76052
5.14714
9.908
-19.462
-18.9245
-19.0495
6.78626
-5.90834
29.6045
-16.6635
31.8714
31.8248
31.8783
-33.2263
-32.5381
-34.0392
-31.8401
-30.8112
-28.5075
-28.3648
-16.4318
-18.6855
-24.6379
-24.5287
-25.8037
-25.6692
-25.7678
-33.0952
-32.4273
-15.7845
-17.8651
-16.856
-16.487
-24.6506
-19.3525
-26.3271
-24.9083
-24.7028
3.79273
18.8643
6.02177
3.98054
-14.2687
-22.2071
-21.4566
8.76088
1.8451
14.5147
-3.41852
-3.47566
-3.79741
14.3626
10.4969
15.1233
1.35933
-1.08162
20.3643
25.0703
-6.97858
-9.39979
29.6111
22.1016
20.363
21.1999
-18.308
-18.1728
-18.3179
-10.6768
-12.5402
-10.021
-11.168
-18.4614
13.7536
9.28719
9.98545
-19.7869
-19.2866
-19.7389
4.60426
-22.16
-23.1493
-18.2726
7.02191
7.56966
-26.4688
-25.4219
-25.1929
5.17091
0.80412
-9.59981
-17.4599
-18.9016
25.6813
-18.5848
2.2237
-3.45913
-24.5294
-17.7564
-18.9859
-18.865
-38.7685
20.6737
12.4045
9.14799
-8.61741
15.0011
13.3295
-5.64123
-31.8354
-20.3703
-20.1224
-16.3096
-17.1743
-21.8789
-22.8964
-13.8587
8.36685
-10.7755
32.8071
32.7897
14.3476
15.4853
-5.21812
-11.6586
6.63174
1.391
16.295
15.8527
-29.6868
-18.3927
-24.0346
29.3396
12.6784
12.9227
12.3447
9.28597
9.28695
9.28439
9.28675
-27.8922
-26.9737
-29.1629
-28.619
-30.0034
-31.2111
-15.2855
15.898
-23.1457
-24.844
-23.0291
-25.0759
27.9353
28.7295
27.7489
27.9669
1.3689
4.91089
-18.5665
-19.4757
-41.363
-40.2482
-40.1442
-21.2236
-13.7067
-6.54016
-15.9439
12.6602
-11.42
11.2135
11.6999
-9.45603
-7.19197
-33.5821
-5.365
-2.91996
-21.6545
-19.8942
-24.0954
-17.5193
15.5683
15.2976
-2.01279
1.22034
18.4266
-8.14427
-10.1619
-10.8746
32.8615
31.8286
31.2351
29.0448
13.7374
14.3122
13.0224
2.46461
3.11299
14.3418
15.3749
26.8013
29.1825
28.3429
3.25321
23.5157
23.8338
30.5504
30.1951
29.7186
30.3739
-7.09122
32.6077
32.3949
-42.3206
-41.215
22.6241
22.1045
9.32631
8.1812
9.28839
9.28431
5.73776
5.00758
0.0399894
10.8862
17.3729
11.6523
21.8702
20.047
-26.9051
3.71396
-0.414499
14.5535
11.8434
3.87355
1.615
12.6803
-20.2856
22.2576
28.8266
24.7189
29.3832
23.4626
-27.1596
-23.3854
-28.0485
-24.1325
-32.4312
-29.17
-34.0674
-29.2777
-28.0827
9.24354
7.73959
-8.45615
-2.30539
-13.3419
-8.95215
-6.74898
-7.52462
-5.56
-46.2897
-48.2026
-49.6686
2.99363
9.28848
11.6499
-34.5673
-37.1545
20.3898
19.1599
19.373
20.0535
-34.5649
22.1669
21.1808
-15.8372
-17.2882
1.88605
-10.0188
9.98581
15.1567
-0.489282
-1.67716
6.76984
8.04975
4.36484
9.99052
9.99026
9.98994
-16.6489
-18.79
-19.485
-25.1475
-26.1687
-25.2886
31.2143
31.3064
31.3411
31.1712
15.8958
19.1932
18.4577
11.8473
15.2122
9.28774
9.99216
-24.7357
18.3673
13.3261
-2.35389
-24.1876
-23.2429
-24.3523
-12.1944
-19.9035
28.5453
31.7364
16.2733
17.0162
-27.8567
9.28774
-0.763745
9.28774
9.28774
25.1804
25.3432
26.8078
23.6827
24.0171
9.99363
-19.6689
9.83356
10.9611
10.6372
11.5867
13.7668
12.4017
15.214
23.1973
15.3409
15.4625
-13.2621
-24.4449
-5.92155
-6.95231
-8.47832
-9.42654
15.4647
-19.6658
-20.9015
15.4605
15.3179
8.55503
6.64904
-3.14448
15.3263
-24.2623
-23.1377
-24.918
-22.8605
-44.2227
-46.8992
-42.9898
15.3913
17.1133
-28.6381
-33.1659
-33.3375
13.3918
15.4301
15.4968
15.1907
16.0602
15.8068
-24.9229
14.5984
12.4243
-2.69839
1.05845
-6.86612
15.0546
15.4669
-34.8913
-1.47133
14.0311
-24.8504
-23.2825
11.6436
-8.35882
-7.92407
3.69513
22.5975
22.088
21.9352
22.0148
-29.343
-28.7084
-29.4747
-11.6664
9.3287
9.40037
9.32724
9.3565
6.61441
5.32281
-3.1229
-3.21203
-16.4926
-20.5857
-19.2544
-19.8296
9.29373
9.29847
9.29022
21.0534
23.9675
-19.8876
-19.0514
4.54831
7.48678
11.8425
9.61037
11.7136
-37.0102
-22.9788
-3.74216
-35.3206
-34.7179
-35.4513
9.2879
9.28765
12.5528
-19.4083
-17.3779
9.28774
32.7123
32.7049
32.7286
13.088
13.2823
12.9477
13.7285
12.8105
32.6595
32.6484
32.6472
20.6377
34.1172
34.149
32.5201
10.3253
10.0852
-42.4564
9.84505
31.2099
-3.58431
-5.61427
-26.3828
-26.9919
-13.0687
14.367
15.2393
-15.5261
13.7493
13.0495
9.28671
9.28725
-21.527
-21.8141
-20.9962
-22.1404
-8.3733
-20.5675
-20.3176
-20.9122
21.779
-24.7764
6.09541
5.47068
9.28773
-19.6352
-19.1708
-21.6342
-35.6296
-36.3488
21.1929
5.06644
-8.05068
-19.2771
-18.4877
-19.3326
15.4172
-32.469
-32.5274
-31.9818
5.0195
-19.592
12.9812
21.2607
12.938
9.29777
9.31245
9.29404
-38.0889
24.3745
8.84243
9.26101
9.24027
9.27369
9.27601
9.28087
9.26945
8.50241
-42.0429
31.9576
31.354
-39.2144
-39.9831
-34.0479
-35.3259
-35.4148
7.44188
9.28773
20.3915
20.7594
28.5876
-14.6995
-15.2843
-12.3751
-15.7283
23.5543
22.2469
21.8662
21.7792
23.6881
-19.7745
-15.6833
15.5994
0.710372
5.35921
-28.3294
-30.1159
-33.6962
-32.8331
21.12
21.5542
21.0497
-22.0257
-23.9667
-23.8802
-24.2229
-27.5013
-29.4147
-36.5517
-20.3138
-19.6795
-32.7885
-32.9821
-34.2957
-36.6419
-14.718
-15.4218
-12.9296
-27.865
-23.5202
-31.6721
21.0279
19.9702
24.165
-30.192
-31.0741
-27.77
8.19617
8.14661
7.86051
-48.562
9.27994
9.26836
-30.2422
-22.9136
-23.3446
12.3791
12.5302
12.1142
-24.5853
-24.532
-24.5257
-28.1457
6.1351
4.39128
-24.6607
15.5577
12.6392
14.1936
14.0711
12.0053
13.3766
2.43773
-33.2674
-26.3301
22.116
24.5959
19.9343
5.63234
2.56529
15.0886
-32.0781
-34.0541
-7.76742
-8.44059
11.0126
12.128
10.8164
12.102
19.6288
19.5739
13.4155
9.15692
19.2655
-40.3041
-42.605
-38.2195
-38.6479
-38.0628
0.54403
21.3033
-36.9156
-4.39407
-2.9423
-37.6965
-37.6946
-40.8092
-4.59458
9.28431
9.28348
9.28559
-24.7291
-26.3865
12.7948
9.28807
9.28836
-17.8843
-17.2454
-22.9142
9.28807
9.28842
9.28787
-43.5774
-16.8986
-39.1111
-38.8791
-38.2441
-38.8525
-37.3203
28.4576
-3.23773
-2.13834
-2.06821
-2.4968
-1.37359
-2.78691
-3.4027
-35.4208
-36.7706
-40.3514
21.5051
21.4338
-33.959
-34.5056
12.2478
-36.0487
-33.7411
26.7015
26.5973
-41.7954
-40.2853
-41.1773
-20.3764
28.9845
-0.941522
-6.01226
-9.2709
-30.2076
-33.38
-10.2788
-40.2848
-15.4314
-14.7366
-16.6093
-22.3251
12.9491
2.11535
3.52326
-16.0164
-29.8367
15.7586
17.273
16.2541
16.8909
-29.0789
-30.7603
-2.34578
-29.7411
-30.3653
-32.6094
26.7578
-32.3757
28.9438
29.4042
29.3406
29.617
28.6551
-29.9553
-13.1269
-28.939
9.28779
9.28783
26.3103
25.6451
-29.3942
22.143
-19.0668
-30.0478
-31.2713
-30.1777
-30.0156
-4.1176
-17.4055
-18.7613
27.9958
-37.8023
-35.78
-28.5439
14.3024
13.6419
-6.78849
-6.2827
32.721
30.204
-7.75655
-25.4675
-35.4104
24.223
26.3637
26.2187
-13.2428
26.7441
20.6913
-15.8387
-27.1327
-21.2108
-20.5075
1.13582
-9.24687
-35.2373
-35.9501
32.8076
-20.0392
-20.0144
-0.0920687
-1.48552
-43.4244
-16.8034
-9.09884
-13.1012
-22.9087
-21.9212
-22.7223
32.6951
32.7095
32.7581
32.6867
-23.4825
-24.0447
-24.7018
-12.0483
-22.541
-23.0109
21.6098
-37.7614
-41.5035
-43.221
-23.243
35.6975
33.8394
35.3385
9.28774
9.28774
-22.0154
-23.3546
-22.5103
-17.4938
-21.7984
-29.0778
-27.8691
9.4845
-5.25166
-9.53165
-9.0479
-4.70274
-6.20387
-33.5596
-20.367
9.7306
-18.9183
30.7926
31.6052
31.948
29.8893
-15.2193
-15.8932
-13.4296
-14.641
29.683
-20.468
32.6556
9.28774
9.28774
9.28774
29.2964
29.2037
-0.409288
0.861518
-27.3704
-28.835
3.93278
33.3995
32.9688
32.9559
34.0356
33.4365
32.2625
32.3166
-32.8583
-36.2691
-36.9263
9.28818
9.28766
-29.6544
-26.985
-29.8607
-26.8077
31.4628
31.6754
18.5985
17.9942
-29.3966
6.51429
2.34104
-1.59494
-26.8565
-33.4471
31.6809
31.3019
31.7357
21.9319
22.72
23.3084
-27.3047
-26.1704
21.3856
-13.3045
9.28773
9.28773
9.28772
9.28773
20.8573
12.9137
-7.88066
20.3387
19.2288
21.4902
-10.8653
-35.5611
-39.4448
5.80203
9.2883
6.16574
32.7122
7.27881
-3.77198
-6.0932
-5.44199
32.3657
32.4901
0.777821
32.5796
9.28874
9.28889
-23.9533
-27.0867
-24.6836
-22.6482
32.6542
32.648
-20.521
-20.9229
-19.374
-19.7434
-15.9557
-36.6691
19.0749
18.9064
18.1575
-6.79514
-33.439
8.22544
4.12741
0.00213474
-0.759811
4.99467
3.1864
32.0498
30.7915
31.5866
29.969
30.9595
-29.3353
-18.4372
-19.5785
-32.5541
-27.625
-25.2258
26.4501
27.0529
-24.9103
-21.3043
-26.7862
-26.5195
9.63079
11.6355
10.5364
12.6859
29.4974
29.7912
32.6729
-19.4362
30.6209
31.759
-19.7757
-18.8604
9.28774
9.28774
9.28774
9.28774
11.8496
7.22
7.014
9.28774
9.28774
9.28774
10.7758
24.4994
9.29538
9.29175
9.29707
9.30693
9.25541
29.8423
28.2255
28.6259
25.1034
30.0445
29.5661
27.9139
27.5119
30.8449
31.378
31.244
31.3263
2.20115
32.6815
28.8452
29.6
9.18981
8.89877
7.90918
30.7549
33.1981
28.7251
28.4032
30.0971
31.1483
31.93
32.077
30.8878
31.3784
31.878
34.6347
33.0007
9.26961
-22.4734
1.8821
5.31536
-32.6491
15.4679
18.4031
18.3496
9.28764
9.28858
12.6892
13.0484
12.7286
32.6319
21.5961
26.2667
25.0512
23.1458
25.3023
25.8629
24.3288
28.1781
11.6952
9.28773
26.0899
24.624
28.3286
25.8361
23.1609
23.1784
24.025
26.1275
27.3424
27.9451
23.9247
30.1977
21.8997
29.6207
31.7222
21.1915
31.5015
32.3592
34.1439
33.8041
31.1847
32.6249
31.9625
32.9993
32.6178
28.7535
29.6595
32.1541
-21.1985
9.29969
32.7757
31.1298
32.6619
32.7322
21.2732
20.2158
21.17
21.8191
32.6641
12.831
32.8458
31.2843
31.9814
27.8237
32.2805
32.0781
32.6344
32.6381
32.6619
9.28774
21.6438
22.4208
22.9638
23.1966
22.9908
20.7006
19.6305
19.792
20.7132
19.5402
20.3473
22.7538
18.6884
17.9807
18.264
18.5951
17.4307
-35.5758
15.0056
9.28707
-29.3013
-29.5514
13.3795
6.70153
9.28768
-1.78554
-4.24467
-3.12116
-18.6564
-17.078
-17.5038
19.4285
-29.6281
-29.6711
21.8468
20.6583
13.07
9.52231
9.81886
18.3789
9.29164
14.7737
19.672
18.4438
20.2068
22.1434
23.2168
21.1778
-27.4349
24.0955
22.7638
9.25811
29.8711
30.6682
30.1436
-27.5472
31.7622
31.7982
31.8009
-26.1322
31.3072
25.2443
22.6224
22.815
18.9306
19.8955
9.28782
9.28774
21.4826
9.28763
9.28761
18.2859
10.1663
8.67584
-25.9001
-27.9373
-29.5441
-29.4714
9.28775
-19.2394
9.439
-15.413
-16.7172
-16.8492
-15.7349
-16.0064
-17.2544
-14.1641
-17.8329
-12.3284
-18.0258
9.28763
-18.0732
-18.1464
-18.7811
13.7861
12.3798
-19.0811
-18.405
-19.7819
-20.1482
-31.8715
-28.5918
13.9193
9.28774
9.41532
10.7451
11.2298
11.8724
10.4274
12.3072
12.134
9.28767
9.28761
9.6053
9.34336
9.22995
9.45126
9.37569
9.24997
9.28904
9.33249
9.31412
9.29222
9.28983
9.3036
9.28782
9.28774
9.28774
9.28776
9.28778
9.2877
9.28772
9.28777
9.28778
9.28731
9.28774
9.28774
9.28774
9.28774
9.28776
9.28774
9.28774
